1195.2096488410739 125.4334290888574
1195.2096488410739 125.4334290888574
1195.2096488410739 125.4334290888574
1195.2096488410739 125.4334290888574
1195.2096488410739 125.4334290888574
1195.2096488410739 125.4334290888574
1195.2096488410739 125.4334290888574
1195.2096488410739 125.4334290888574
1195.2096488410739 125.4334290888574
1195.2096488410739 125.4334290888574
1078.858223271739 111.0199745326087
1078.858223271739 111.0199745326087
1078.858223271739 111.0199745326087
1078.858223271739 111.0199745326087
1078.858223271739 111.0199745326087
1078.858223271739 111.0199745326087
1078.858223271739 111.0199745326087
1078.858223271739 111.0199745326087
1078.858223271739 111.0199745326087
1078.858223271739 111.0199745326087
1078.858223271739 111.0199745326087
1067.3671173224375 107.64722470416052
1067.3671173224375 107.64722470416052
1067.3671173224375 107.64722470416052
1067.3671173224375 107.64722470416052
1067.3671173224375 107.64722470416052
1067.3671173224375 107.64722470416052
1067.3671173224375 107.64722470416052
1067.3671173224375 107.64722470416052
1067.3671173224375 107.64722470416052
1067.3671173224375 107.64722470416052
1067.3671173224375 107.64722470416052
1168.9146011234993 128.47934207935756
1168.9146011234993 128.47934207935756
1168.9146011234993 128.47934207935756
1168.9146011234993 128.47934207935756
1168.9146011234993 128.47934207935756
1168.9146011234993 128.47934207935756
1168.9146011234993 128.47934207935756
1168.9146011234993 128.47934207935756
1168.9146011234993 128.47934207935756
1168.9146011234993 128.47934207935756
1168.9146011234993 128.47934207935756
1168.9146011234993 128.47934207935756
1168.9146011234993 128.47934207935756
1282.7695547634223 164.729066338461
1282.7695547634223 164.729066338461
1282.7695547634223 164.729066338461
1282.7695547634223 164.729066338461
1282.7695547634223 164.729066338461
1282.7695547634223 164.729066338461
1282.7695547634223 164.729066338461
1282.7695547634223 164.729066338461
1282.7695547634223 164.729066338461
1282.7695547634223 164.729066338461
1282.7695547634223 164.729066338461
1282.7695547634223 164.729066338461
1317.0721973516822 178.57481935944165
1317.0721973516822 178.57481935944165
1317.0721973516822 178.57481935944165
1317.0721973516822 178.57481935944165
1317.0721973516822 178.57481935944165
1317.0721973516822 178.57481935944165
1317.0721973516822 178.57481935944165
1317.0721973516822 178.57481935944165
1317.0721973516822 178.57481935944165
1317.0721973516822 178.57481935944165
1317.0721973516822 178.57481935944165
1317.0721973516822 178.57481935944165
1368.228584763297 194.48040139552353
1368.228584763297 194.48040139552353
1368.228584763297 194.48040139552353
1368.228584763297 194.48040139552353
1368.228584763297 194.48040139552353
1368.228584763297 194.48040139552353
1368.228584763297 194.48040139552353
1368.228584763297 194.48040139552353
1368.228584763297 194.48040139552353
1368.228584763297 194.48040139552353
1368.228584763297 194.48040139552353
1368.228584763297 194.48040139552353
1368.228584763297 194.48040139552353
1298.1090862926699 173.71268011323585
1298.1090862926699 173.71268011323585
1298.1090862926699 173.71268011323585
1298.1090862926699 173.71268011323585
1298.1090862926699 173.71268011323585
1298.1090862926699 173.71268011323585
1298.1090862926699 173.71268011323585
1298.1090862926699 173.71268011323585
1298.1090862926699 173.71268011323585
1298.1090862926699 173.71268011323585
1298.1090862926699 173.71268011323585
1275.5810618419898 170.74280696527595
1275.5810618419898 170.74280696527595
1275.5810618419898 170.74280696527595
1275.5810618419898 170.74280696527595
1275.5810618419898 170.74280696527595
1275.5810618419898 170.74280696527595
1275.5810618419898 170.74280696527595
1275.5810618419898 170.74280696527595
1275.5810618419898 170.74280696527595
1275.5810618419898 170.74280696527595
1275.5810618419898 170.74280696527595
1292.8588866559721 174.6703733339083
1292.8588866559721 174.6703733339083
1292.8588866559721 174.6703733339083
1292.8588866559721 174.6703733339083
1292.8588866559721 174.6703733339083
1292.8588866559721 174.6703733339083
1292.8588866559721 174.6703733339083
1292.8588866559721 174.6703733339083
1292.8588866559721 174.6703733339083
1292.8588866559721 174.6703733339083
1292.8588866559721 174.6703733339083
1292.8588866559721 174.6703733339083
1292.394241636826 180.7400343965425
1292.394241636826 180.7400343965425
1292.394241636826 180.7400343965425
1292.394241636826 180.7400343965425
1292.394241636826 180.7400343965425
1292.394241636826 180.7400343965425
1292.394241636826 180.7400343965425
1292.394241636826 180.7400343965425
1292.394241636826 180.7400343965425
1292.394241636826 180.7400343965425
1292.394241636826 180.7400343965425
1306.4379114492826 180.1999469932905
1306.4379114492826 180.1999469932905
1306.4379114492826 180.1999469932905
1306.4379114492826 180.1999469932905
1306.4379114492826 180.1999469932905
1306.4379114492826 180.1999469932905
1306.4379114492826 180.1999469932905
1306.4379114492826 180.1999469932905
1306.4379114492826 180.1999469932905
1306.4379114492826 180.1999469932905
1306.4379114492826 180.1999469932905
1306.4379114492826 180.1999469932905
1336.3733981509613 194.43030864536576
1336.3733981509613 194.43030864536576
1336.3733981509613 194.43030864536576
1336.3733981509613 194.43030864536576
1336.3733981509613 194.43030864536576
1336.3733981509613 194.43030864536576
1336.3733981509613 194.43030864536576
1336.3733981509613 194.43030864536576
1336.3733981509613 194.43030864536576
1336.3733981509613 194.43030864536576
1336.3733981509613 194.43030864536576
1336.3733981509613 194.43030864536576
1336.3733981509613 194.43030864536576
1326.5763927676003 188.00074450460426
1326.5763927676003 188.00074450460426
1326.5763927676003 188.00074450460426
1326.5763927676003 188.00074450460426
1326.5763927676003 188.00074450460426
1326.5763927676003 188.00074450460426
1326.5763927676003 188.00074450460426
1326.5763927676003 188.00074450460426
1326.5763927676003 188.00074450460426
1326.5763927676003 188.00074450460426
1326.5763927676003 188.00074450460426
1281.4794148587744 172.71826210234454
1281.4794148587744 172.71826210234454
1281.4794148587744 172.71826210234454
1281.4794148587744 172.71826210234454
1281.4794148587744 172.71826210234454
1281.4794148587744 172.71826210234454
1281.4794148587744 172.71826210234454
1281.4794148587744 172.71826210234454
1281.4794148587744 172.71826210234454
1281.4794148587744 172.71826210234454
1281.4794148587744 172.71826210234454
1281.4794148587744 172.71826210234454
1280.4019755887937 167.433744399459
1280.4019755887937 167.433744399459
1280.4019755887937 167.433744399459
1280.4019755887937 167.433744399459
1280.4019755887937 167.433744399459
1280.4019755887937 167.433744399459
1280.4019755887937 167.433744399459
1280.4019755887937 167.433744399459
1280.4019755887937 167.433744399459
1280.4019755887937 167.433744399459
1280.4019755887937 167.433744399459
1280.4019755887937 167.433744399459
1204.3346418968906 147.41659743382226
1204.3346418968906 147.41659743382226
1204.3346418968906 147.41659743382226
1204.3346418968906 147.41659743382226
1204.3346418968906 147.41659743382226
1204.3346418968906 147.41659743382226
1204.3346418968906 147.41659743382226
1204.3346418968906 147.41659743382226
1204.3346418968906 147.41659743382226
1204.3346418968906 147.41659743382226
1204.3346418968906 147.41659743382226
1204.3346418968906 147.41659743382226
1169.0308936985946 135.25111617608982
1169.0308936985946 135.25111617608982
1169.0308936985946 135.25111617608982
1169.0308936985946 135.25111617608982
1169.0308936985946 135.25111617608982
1169.0308936985946 135.25111617608982
1169.0308936985946 135.25111617608982
1169.0308936985946 135.25111617608982
1169.0308936985946 135.25111617608982
1169.0308936985946 135.25111617608982
1169.0308936985946 135.25111617608982
1169.0308936985946 135.25111617608982
1145.3162742152415 127.80507679354744
1145.3162742152415 127.80507679354744
1145.3162742152415 127.80507679354744
1145.3162742152415 127.80507679354744
1145.3162742152415 127.80507679354744
1145.3162742152415 127.80507679354744
1145.3162742152415 127.80507679354744
1145.3162742152415 127.80507679354744
1145.3162742152415 127.80507679354744
1145.3162742152415 127.80507679354744
1145.3162742152415 127.80507679354744
1131.3796217097936 124.33167878778934
1131.3796217097936 124.33167878778934
1131.3796217097936 124.33167878778934
1131.3796217097936 124.33167878778934
1131.3796217097936 124.33167878778934
1131.3796217097936 124.33167878778934
1131.3796217097936 124.33167878778934
1131.3796217097936 124.33167878778934
1131.3796217097936 124.33167878778934
1131.3796217097936 124.33167878778934
1131.3796217097936 124.33167878778934
1131.3796217097936 124.33167878778934
1119.1358902973109 123.42088722743429
1119.1358902973109 123.42088722743429
1119.1358902973109 123.42088722743429
1119.1358902973109 123.42088722743429
1119.1358902973109 123.42088722743429
1119.1358902973109 123.42088722743429
1119.1358902973109 123.42088722743429
1119.1358902973109 123.42088722743429
1119.1358902973109 123.42088722743429
1119.1358902973109 123.42088722743429
1119.1358902973109 123.42088722743429
1119.1358902973109 123.42088722743429
1147.8900785034234 131.4379279397556
1147.8900785034234 131.4379279397556
1147.8900785034234 131.4379279397556
1147.8900785034234 131.4379279397556
1147.8900785034234 131.4379279397556
1147.8900785034234 131.4379279397556
1147.8900785034234 131.4379279397556
1147.8900785034234 131.4379279397556
1147.8900785034234 131.4379279397556
1147.8900785034234 131.4379279397556
1147.8900785034234 131.4379279397556
1147.8900785034234 131.4379279397556
1191.9447269384364 144.73906301184826
1191.9447269384364 144.73906301184826
1191.9447269384364 144.73906301184826
1191.9447269384364 144.73906301184826
1191.9447269384364 144.73906301184826
1191.9447269384364 144.73906301184826
1191.9447269384364 144.73906301184826
1191.9447269384364 144.73906301184826
1191.9447269384364 144.73906301184826
1191.9447269384364 144.73906301184826
1191.9447269384364 144.73906301184826
1191.9447269384364 144.73906301184826
1230.858403166684 151.39136967884383
1230.858403166684 151.39136967884383
1230.858403166684 151.39136967884383
1230.858403166684 151.39136967884383
1230.858403166684 151.39136967884383
1230.858403166684 151.39136967884383
1230.858403166684 151.39136967884383
1230.858403166684 151.39136967884383
1230.858403166684 151.39136967884383
1230.858403166684 151.39136967884383
1230.858403166684 151.39136967884383
1224.2854591712453 148.37883906654235
1224.2854591712453 148.37883906654235
1224.2854591712453 148.37883906654235
1224.2854591712453 148.37883906654235
1224.2854591712453 148.37883906654235
1224.2854591712453 148.37883906654235
1224.2854591712453 148.37883906654235
1224.2854591712453 148.37883906654235
1224.2854591712453 148.37883906654235
1224.2854591712453 148.37883906654235
1224.2854591712453 148.37883906654235
1224.2854591712453 148.37883906654235
1180.9148811661585 137.43949375778837
1180.9148811661585 137.43949375778837
1180.9148811661585 137.43949375778837
1180.9148811661585 137.43949375778837
1180.9148811661585 137.43949375778837
1180.9148811661585 137.43949375778837
1180.9148811661585 137.43949375778837
1180.9148811661585 137.43949375778837
1180.9148811661585 137.43949375778837
1180.9148811661585 137.43949375778837
1180.9148811661585 137.43949375778837
1167.089671252462 133.82826076475467
1167.089671252462 133.82826076475467
1167.089671252462 133.82826076475467
1167.089671252462 133.82826076475467
1167.089671252462 133.82826076475467
1167.089671252462 133.82826076475467
1167.089671252462 133.82826076475467
1167.089671252462 133.82826076475467
1167.089671252462 133.82826076475467
1167.089671252462 133.82826076475467
1167.089671252462 133.82826076475467
1167.089671252462 133.82826076475467
1166.0898446513293 133.9886406536221
1166.0898446513293 133.9886406536221
1166.0898446513293 133.9886406536221
1166.0898446513293 133.9886406536221
1166.0898446513293 133.9886406536221
1166.0898446513293 133.9886406536221
1166.0898446513293 133.9886406536221
1166.0898446513293 133.9886406536221
1166.0898446513293 133.9886406536221
1166.0898446513293 133.9886406536221
1166.0898446513293 133.9886406536221
1166.0898446513293 133.9886406536221
1183.7467280081394 138.9907189091894
1183.7467280081394 138.9907189091894
1183.7467280081394 138.9907189091894
1183.7467280081394 138.9907189091894
1183.7467280081394 138.9907189091894
1183.7467280081394 138.9907189091894
1183.7467280081394 138.9907189091894
1183.7467280081394 138.9907189091894
1183.7467280081394 138.9907189091894
1183.7467280081394 138.9907189091894
1183.7467280081394 138.9907189091894
1183.7467280081394 138.9907189091894
1194.910522317093 144.57166554141955
1194.910522317093 144.57166554141955
1194.910522317093 144.57166554141955
1194.910522317093 144.57166554141955
1194.910522317093 144.57166554141955
1194.910522317093 144.57166554141955
1194.910522317093 144.57166554141955
1194.910522317093 144.57166554141955
1194.910522317093 144.57166554141955
1194.910522317093 144.57166554141955
1194.910522317093 144.57166554141955
1194.910522317093 144.57166554141955
1215.9403584024658 153.0291377064805
1215.9403584024658 153.0291377064805
1215.9403584024658 153.0291377064805
1215.9403584024658 153.0291377064805
1215.9403584024658 153.0291377064805
1215.9403584024658 153.0291377064805
1215.9403584024658 153.0291377064805
1215.9403584024658 153.0291377064805
1215.9403584024658 153.0291377064805
1215.9403584024658 153.0291377064805
1215.9403584024658 153.0291377064805
1215.9403584024658 153.0291377064805
1224.298411263514 153.73444051466444
1224.298411263514 153.73444051466444
1224.298411263514 153.73444051466444
1224.298411263514 153.73444051466444
1224.298411263514 153.73444051466444
1224.298411263514 153.73444051466444
1224.298411263514 153.73444051466444
1224.298411263514 153.73444051466444
1224.298411263514 153.73444051466444
1224.298411263514 153.73444051466444
1224.298411263514 153.73444051466444
1215.4728898283631 148.0467226514078
1215.4728898283631 148.0467226514078
1215.4728898283631 148.0467226514078
1215.4728898283631 148.0467226514078
1215.4728898283631 148.0467226514078
1215.4728898283631 148.0467226514078
1215.4728898283631 148.0467226514078
1215.4728898283631 148.0467226514078
1215.4728898283631 148.0467226514078
1215.4728898283631 148.0467226514078
1215.4728898283631 148.0467226514078
1215.4728898283631 148.0467226514078
1190.9938437044025 142.72589458057857
1190.9938437044025 142.72589458057857
1190.9938437044025 142.72589458057857
1190.9938437044025 142.72589458057857
1190.9938437044025 142.72589458057857
1190.9938437044025 142.72589458057857
1190.9938437044025 142.72589458057857
1190.9938437044025 142.72589458057857
1190.9938437044025 142.72589458057857
1190.9938437044025 142.72589458057857
1190.9938437044025 142.72589458057857
1190.9938437044025 142.72589458057857
1189.4778073273644 140.69386010612703
1189.4778073273644 140.69386010612703
1189.4778073273644 140.69386010612703
1189.4778073273644 140.69386010612703
1189.4778073273644 140.69386010612703
1189.4778073273644 140.69386010612703
1189.4778073273644 140.69386010612703
1189.4778073273644 140.69386010612703
1189.4778073273644 140.69386010612703
1189.4778073273644 140.69386010612703
1189.4778073273644 140.69386010612703
1189.4778073273644 140.69386010612703
1211.8214025768868 145.18357201480305
1211.8214025768868 145.18357201480305
1211.8214025768868 145.18357201480305
1211.8214025768868 145.18357201480305
1211.8214025768868 145.18357201480305
1211.8214025768868 145.18357201480305
1211.8214025768868 145.18357201480305
1211.8214025768868 145.18357201480305
1211.8214025768868 145.18357201480305
1211.8214025768868 145.18357201480305
1211.8214025768868 145.18357201480305
1211.8214025768868 145.18357201480305
1209.852843714455 147.43190503455645
1209.852843714455 147.43190503455645
1209.852843714455 147.43190503455645
1209.852843714455 147.43190503455645
1209.852843714455 147.43190503455645
1209.852843714455 147.43190503455645
1209.852843714455 147.43190503455645
1209.852843714455 147.43190503455645
1209.852843714455 147.43190503455645
1209.852843714455 147.43190503455645
1209.852843714455 147.43190503455645
1209.852843714455 147.43190503455645
1197.2583115787852 143.0128218686345
1197.2583115787852 143.0128218686345
1197.2583115787852 143.0128218686345
1197.2583115787852 143.0128218686345
1197.2583115787852 143.0128218686345
1197.2583115787852 143.0128218686345
1197.2583115787852 143.0128218686345
1197.2583115787852 143.0128218686345
1197.2583115787852 143.0128218686345
1197.2583115787852 143.0128218686345
1197.2583115787852 143.0128218686345
1182.8046558481835 141.95526150578647
1182.8046558481835 141.95526150578647
1182.8046558481835 141.95526150578647
1182.8046558481835 141.95526150578647
1182.8046558481835 141.95526150578647
1182.8046558481835 141.95526150578647
1182.8046558481835 141.95526150578647
1182.8046558481835 141.95526150578647
1182.8046558481835 141.95526150578647
1182.8046558481835 141.95526150578647
1182.8046558481835 141.95526150578647
1182.8046558481835 141.95526150578647
1183.0817842018332 138.76005051016193
1183.0817842018332 138.76005051016193
1183.0817842018332 138.76005051016193
1183.0817842018332 138.76005051016193
1183.0817842018332 138.76005051016193
1183.0817842018332 138.76005051016193
1183.0817842018332 138.76005051016193
1183.0817842018332 138.76005051016193
1183.0817842018332 138.76005051016193
1183.0817842018332 138.76005051016193
1183.0817842018332 138.76005051016193
1183.0817842018332 138.76005051016193
1190.3141738437166 139.01678729587044
1190.3141738437166 139.01678729587044
1190.3141738437166 139.01678729587044
1190.3141738437166 139.01678729587044
1190.3141738437166 139.01678729587044
1190.3141738437166 139.01678729587044
1190.3141738437166 139.01678729587044
1190.3141738437166 139.01678729587044
1190.3141738437166 139.01678729587044
1190.3141738437166 139.01678729587044
1163.9417327989704 131.40100497347805
1163.9417327989704 131.40100497347805
1163.9417327989704 131.40100497347805
1163.9417327989704 131.40100497347805
1163.9417327989704 131.40100497347805
1163.9417327989704 131.40100497347805
1163.9417327989704 131.40100497347805
1163.9417327989704 131.40100497347805
1163.9417327989704 131.40100497347805
1163.9417327989704 131.40100497347805
1163.9417327989704 131.40100497347805
1163.9417327989704 131.40100497347805
1177.681597329155 136.4568611161047
1177.681597329155 136.4568611161047
1177.681597329155 136.4568611161047
1177.681597329155 136.4568611161047
1177.681597329155 136.4568611161047
1177.681597329155 136.4568611161047
1177.681597329155 136.4568611161047
1177.681597329155 136.4568611161047
1177.681597329155 136.4568611161047
1177.681597329155 136.4568611161047
1177.681597329155 136.4568611161047
1177.681597329155 136.4568611161047
1177.356232953384 137.24955456480782
1177.356232953384 137.24955456480782
1177.356232953384 137.24955456480782
1177.356232953384 137.24955456480782
1177.356232953384 137.24955456480782
1177.356232953384 137.24955456480782
1177.356232953384 137.24955456480782
1177.356232953384 137.24955456480782
1177.356232953384 137.24955456480782
1177.356232953384 137.24955456480782
1177.356232953384 137.24955456480782
1177.356232953384 137.24955456480782
1173.7801067871785 136.75251011782265
1173.7801067871785 136.75251011782265
1173.7801067871785 136.75251011782265
1173.7801067871785 136.75251011782265
1173.7801067871785 136.75251011782265
1173.7801067871785 136.75251011782265
1173.7801067871785 136.75251011782265
1173.7801067871785 136.75251011782265
1173.7801067871785 136.75251011782265
1173.7801067871785 136.75251011782265
1173.7801067871785 136.75251011782265
1173.7801067871785 136.75251011782265
1173.488326778872 136.40058540349762
1173.488326778872 136.40058540349762
1173.488326778872 136.40058540349762
1173.488326778872 136.40058540349762
1173.488326778872 136.40058540349762
1173.488326778872 136.40058540349762
-613.1045834880986 -1785.0724449193572
-613.1045834880986 -1785.0724449193572
-613.1045834880986 -1785.0724449193572
-613.1045834880986 -1785.0724449193572
-613.1045834880986 -1785.0724449193572
-613.1045834880986 -1785.0724449193572
-613.1045834880986 -1785.0724449193572
-613.1045834880986 -1785.0724449193572
-613.1045834880986 -1785.0724449193572
-613.1045834880986 -1785.0724449193572
-613.1045834880986 -1785.0724449193572
-613.1045834880986 -1785.0724449193572
887.9887532457647 -511.83850379632634
887.9887532457647 -511.83850379632634
887.9887532457647 -511.83850379632634
887.9887532457647 -511.83850379632634
887.9887532457647 -511.83850379632634
887.9887532457647 -511.83850379632634
887.9887532457647 -511.83850379632634
887.9887532457647 -511.83850379632634
887.9887532457647 -511.83850379632634
887.9887532457647 -511.83850379632634
887.9887532457647 -511.83850379632634
1300.332914998028 -85.66431325809197
1300.332914998028 -85.66431325809197
1300.332914998028 -85.66431325809197
1300.332914998028 -85.66431325809197
1300.332914998028 -85.66431325809197
1300.332914998028 -85.66431325809197
1300.332914998028 -85.66431325809197
1300.332914998028 -85.66431325809197
1300.332914998028 -85.66431325809197
1300.332914998028 -85.66431325809197
1300.332914998028 -85.66431325809197
1362.058090145956 67.35969226390458
1362.058090145956 67.35969226390458
1362.058090145956 67.35969226390458
1362.058090145956 67.35969226390458
1362.058090145956 67.35969226390458
1362.058090145956 67.35969226390458
1362.058090145956 67.35969226390458
1362.058090145956 67.35969226390458
1362.058090145956 67.35969226390458
1362.058090145956 67.35969226390458
1362.058090145956 67.35969226390458
1362.058090145956 67.35969226390458
1362.058090145956 67.35969226390458
1362.058090145956 67.35969226390458
1362.058090145956 67.35969226390458
1362.058090145956 67.35969226390458
1362.058090145956 67.35969226390458
1362.058090145956 67.35969226390458
1519.9220932106066 101.26318735424644
1519.9220932106066 101.26318735424644
1519.9220932106066 101.26318735424644
1519.9220932106066 101.26318735424644
1519.9220932106066 101.26318735424644
1519.9220932106066 101.26318735424644
1519.9220932106066 101.26318735424644
1519.9220932106066 101.26318735424644
1519.9220932106066 101.26318735424644
1519.9220932106066 101.26318735424644
1519.9220932106066 101.26318735424644
1519.9220932106066 101.26318735424644
1476.4363486453617 149.89388257709106
1476.4363486453617 149.89388257709106
1476.4363486453617 149.89388257709106
1476.4363486453617 149.89388257709106
1476.4363486453617 149.89388257709106
1476.4363486453617 149.89388257709106
1476.4363486453617 149.89388257709106
1476.4363486453617 149.89388257709106
1476.4363486453617 149.89388257709106
1476.4363486453617 149.89388257709106
1476.4363486453617 149.89388257709106
1388.9988944279291 170.18048816443022
1388.9988944279291 170.18048816443022
1388.9988944279291 170.18048816443022
1388.9988944279291 170.18048816443022
1388.9988944279291 170.18048816443022
1388.9988944279291 170.18048816443022
1388.9988944279291 170.18048816443022
1388.9988944279291 170.18048816443022
1388.9988944279291 170.18048816443022
1388.9988944279291 170.18048816443022
1388.9988944279291 170.18048816443022
1388.9988944279291 170.18048816443022
1348.6178804128972 172.2195286581909
1348.6178804128972 172.2195286581909
1348.6178804128972 172.2195286581909
1348.6178804128972 172.2195286581909
1348.6178804128972 172.2195286581909
1348.6178804128972 172.2195286581909
1348.6178804128972 172.2195286581909
1348.6178804128972 172.2195286581909
1348.6178804128972 172.2195286581909
1348.6178804128972 172.2195286581909
1348.6178804128972 172.2195286581909
1291.4310013800202 164.49752453127277
1291.4310013800202 164.49752453127277
1291.4310013800202 164.49752453127277
1291.4310013800202 164.49752453127277
1291.4310013800202 164.49752453127277
1291.4310013800202 164.49752453127277
1291.4310013800202 164.49752453127277
1291.4310013800202 164.49752453127277
1291.4310013800202 164.49752453127277
1291.4310013800202 164.49752453127277
1291.4310013800202 164.49752453127277
1291.4310013800202 164.49752453127277
1258.883096826532 156.8437058189868
1258.883096826532 156.8437058189868
1258.883096826532 156.8437058189868
1258.883096826532 156.8437058189868
1258.883096826532 156.8437058189868
1258.883096826532 156.8437058189868
1258.883096826532 156.8437058189868
1258.883096826532 156.8437058189868
1258.883096826532 156.8437058189868
1258.883096826532 156.8437058189868
1258.883096826532 156.8437058189868
1224.0277247795268 147.93444880498225
1224.0277247795268 147.93444880498225
1224.0277247795268 147.93444880498225
1224.0277247795268 147.93444880498225
1224.0277247795268 147.93444880498225
1224.0277247795268 147.93444880498225
-698.4810165812212 -1820.6609246829098
-698.4810165812212 -1820.6609246829098
-698.4810165812212 -1820.6609246829098
-698.4810165812212 -1820.6609246829098
-698.4810165812212 -1820.6609246829098
-698.4810165812212 -1820.6609246829098
-698.4810165812212 -1820.6609246829098
-698.4810165812212 -1820.6609246829098
-698.4810165812212 -1820.6609246829098
-698.4810165812212 -1820.6609246829098
-698.4810165812212 -1820.6609246829098
862.3416635801169 -608.9940973393974
862.3416635801169 -608.9940973393974
862.3416635801169 -608.9940973393974
862.3416635801169 -608.9940973393974
862.3416635801169 -608.9940973393974
862.3416635801169 -608.9940973393974
862.3416635801169 -608.9940973393974
862.3416635801169 -608.9940973393974
862.3416635801169 -608.9940973393974
862.3416635801169 -608.9940973393974
862.3416635801169 -608.9940973393974
1305.7294817702689 -151.06408043998968
1305.7294817702689 -151.06408043998968
1305.7294817702689 -151.06408043998968
1305.7294817702689 -151.06408043998968
1305.7294817702689 -151.06408043998968
1305.7294817702689 -151.06408043998968
1305.7294817702689 -151.06408043998968
1305.7294817702689 -151.06408043998968
1305.7294817702689 -151.06408043998968
1305.7294817702689 -151.06408043998968
1305.7294817702689 -151.06408043998968
1429.0519703488171 36.25392843703342
1429.0519703488171 36.25392843703342
1429.0519703488171 36.25392843703342
1429.0519703488171 36.25392843703342
1429.0519703488171 36.25392843703342
1429.0519703488171 36.25392843703342
1429.0519703488171 36.25392843703342
1429.0519703488171 36.25392843703342
1429.0519703488171 36.25392843703342
1429.0519703488171 36.25392843703342
1429.0519703488171 36.25392843703342
1429.0519703488171 36.25392843703342
1406.88122484307 112.14366484128729
1406.88122484307 112.14366484128729
1406.88122484307 112.14366484128729
1406.88122484307 112.14366484128729
1406.88122484307 112.14366484128729
1406.88122484307 112.14366484128729
1406.88122484307 112.14366484128729
1406.88122484307 112.14366484128729
1406.88122484307 112.14366484128729
1406.88122484307 112.14366484128729
1406.88122484307 112.14366484128729
1391.3454798976481 133.85736913451373
1391.3454798976481 133.85736913451373
1391.3454798976481 133.85736913451373
1391.3454798976481 133.85736913451373
1391.3454798976481 133.85736913451373
1391.3454798976481 133.85736913451373
1391.3454798976481 133.85736913451373
1391.3454798976481 133.85736913451373
1391.3454798976481 133.85736913451373
1391.3454798976481 133.85736913451373
1391.3454798976481 133.85736913451373
1378.2137909090259 147.28465175551182
1378.2137909090259 147.28465175551182
