595.166536337726 116.04362140048417
595.166536337726 116.04362140048417
595.166536337726 116.04362140048417
595.166536337726 116.04362140048417
595.166536337726 116.04362140048417
595.166536337726 116.04362140048417
586.5011333924632 116.00559819793105
586.5011333924632 116.00559819793105
586.5011333924632 116.00559819793105
586.5011333924632 116.00559819793105
586.5011333924632 116.00559819793105
586.5011333924632 116.00559819793105
586.5011333924632 116.00559819793105
586.5011333924632 116.00559819793105
586.5011333924632 116.00559819793105
709.9945536464965 116.38499284484621
709.9945536464965 116.38499284484621
709.9945536464965 116.38499284484621
709.9945536464965 116.38499284484621
709.9945536464965 116.38499284484621
709.9945536464965 116.38499284484621
709.9945536464965 116.38499284484621
709.9945536464965 116.38499284484621
816.7336236544886 118.99639158414817
816.7336236544886 118.99639158414817
816.7336236544886 118.99639158414817
816.7336236544886 118.99639158414817
816.7336236544886 118.99639158414817
816.7336236544886 118.99639158414817
816.7336236544886 118.99639158414817
816.7336236544886 118.99639158414817
816.7336236544886 118.99639158414817
979.4474902614027 126.3092909210049
979.4474902614027 126.3092909210049
979.4474902614027 126.3092909210049
979.4474902614027 126.3092909210049
979.4474902614027 126.3092909210049
979.4474902614027 126.3092909210049
979.4474902614027 126.3092909210049
979.4474902614027 126.3092909210049
1072.64133721056 132.80571104595532
1072.64133721056 132.80571104595532
1072.64133721056 132.80571104595532
1072.64133721056 132.80571104595532
1072.64133721056 132.80571104595532
1072.64133721056 132.80571104595532
1072.64133721056 132.80571104595532
1072.64133721056 132.80571104595532
1072.64133721056 132.80571104595532
1121.3024584381901 137.0036267524617
1121.3024584381901 137.0036267524617
1121.3024584381901 137.0036267524617
1121.3024584381901 137.0036267524617
1121.3024584381901 137.0036267524617
1121.3024584381901 137.0036267524617
1121.3024584381901 137.0036267524617
1121.3024584381901 137.0036267524617
1121.3024584381901 137.0036267524617
1064.3124831023156 132.04853192414433
1064.3124831023156 132.04853192414433
1064.3124831023156 132.04853192414433
1064.3124831023156 132.04853192414433
1064.3124831023156 132.04853192414433
1064.3124831023156 132.04853192414433
1064.3124831023156 132.04853192414433
1064.3124831023156 132.04853192414433
1039.5198390418584 130.19389473872388
1039.5198390418584 130.19389473872388
1039.5198390418584 130.19389473872388
1039.5198390418584 130.19389473872388
1039.5198390418584 130.19389473872388
1039.5198390418584 130.19389473872388
1039.5198390418584 130.19389473872388
1039.5198390418584 130.19389473872388
1063.1529218660849 131.9576745421023
1063.1529218660849 131.9576745421023
1063.1529218660849 131.9576745421023
1063.1529218660849 131.9576745421023
1063.1529218660849 131.9576745421023
1063.1529218660849 131.9576745421023
1063.1529218660849 131.9576745421023
1063.1529218660849 131.9576745421023
1075.4395412372987 132.99842252706833
1075.4395412372987 132.99842252706833
1075.4395412372987 132.99842252706833
1075.4395412372987 132.99842252706833
1075.4395412372987 132.99842252706833
1075.4395412372987 132.99842252706833
1075.4395412372987 132.99842252706833
1075.4395412372987 132.99842252706833
1115.36121743114 136.45227338600412
1115.36121743114 136.45227338600412
1115.36121743114 136.45227338600412
1115.36121743114 136.45227338600412
1115.36121743114 136.45227338600412
1115.36121743114 136.45227338600412
1115.36121743114 136.45227338600412
1115.36121743114 136.45227338600412
1115.36121743114 136.45227338600412
1115.36121743114 136.45227338600412
1093.986003557335 134.38749932398852
1093.986003557335 134.38749932398852
1093.986003557335 134.38749932398852
1093.986003557335 134.38749932398852
1093.986003557335 134.38749932398852
1093.986003557335 134.38749932398852
1093.986003557335 134.38749932398852
1093.986003557335 134.38749932398852
1114.7178578628052 136.28103444646956
1114.7178578628052 136.28103444646956
1114.7178578628052 136.28103444646956
1114.7178578628052 136.28103444646956
1114.7178578628052 136.28103444646956
1114.7178578628052 136.28103444646956
1114.7178578628052 136.28103444646956
1114.7178578628052 136.28103444646956
1155.0047363071335 140.23179322049555
1155.0047363071335 140.23179322049555
1155.0047363071335 140.23179322049555
1155.0047363071335 140.23179322049555
1155.0047363071335 140.23179322049555
1155.0047363071335 140.23179322049555
1155.0047363071335 140.23179322049555
1155.0047363071335 140.23179322049555
1168.9276662526067 141.79255261823494
1168.9276662526067 141.79255261823494
1168.9276662526067 141.79255261823494
1168.9276662526067 141.79255261823494
1168.9276662526067 141.79255261823494
1168.9276662526067 141.79255261823494
1168.9276662526067 141.79255261823494
1168.9276662526067 141.79255261823494
1159.921499217889 140.66622418064946
1159.921499217889 140.66622418064946
1159.921499217889 140.66622418064946
1159.921499217889 140.66622418064946
1159.921499217889 140.66622418064946
1159.921499217889 140.66622418064946
1159.921499217889 140.66622418064946
1159.921499217889 140.66622418064946
1159.921499217889 140.66622418064946
1136.2017242341647 138.3751915889413
1136.2017242341647 138.3751915889413
1136.2017242341647 138.3751915889413
1136.2017242341647 138.3751915889413
1136.2017242341647 138.3751915889413
1136.2017242341647 138.3751915889413
1136.2017242341647 138.3751915889413
1136.2017242341647 138.3751915889413
1136.2017242341647 138.3751915889413
1107.505949372304 135.63221221436072
1107.505949372304 135.63221221436072
1107.505949372304 135.63221221436072
1107.505949372304 135.63221221436072
1107.505949372304 135.63221221436072
1107.505949372304 135.63221221436072
1107.505949372304 135.63221221436072
1107.505949372304 135.63221221436072
1403.2260062249145 173.17256948824183
1403.2260062249145 173.17256948824183
1403.2260062249145 173.17256948824183
1403.2260062249145 173.17256948824183
1403.2260062249145 173.17256948824183
1403.2260062249145 173.17256948824183
1403.2260062249145 173.17256948824183
1403.2260062249145 173.17256948824183
1403.2260062249145 173.17256948824183
1236.1039020925655 147.9736965816804
1236.1039020925655 147.9736965816804
1236.1039020925655 147.9736965816804
1236.1039020925655 147.9736965816804
1236.1039020925655 147.9736965816804
1236.1039020925655 147.9736965816804
1236.1039020925655 147.9736965816804
1236.1039020925655 147.9736965816804
1093.7950562257515 134.14534791657456
1093.7950562257515 134.14534791657456
1093.7950562257515 134.14534791657456
1093.7950562257515 134.14534791657456
1093.7950562257515 134.14534791657456
1093.7950562257515 134.14534791657456
1093.7950562257515 134.14534791657456
1093.7950562257515 134.14534791657456
1093.7950562257515 134.14534791657456
1023.2403290995105 129.06478889217695
1023.2403290995105 129.06478889217695
1023.2403290995105 129.06478889217695
1023.2403290995105 129.06478889217695
1023.2403290995105 129.06478889217695
1023.2403290995105 129.06478889217695
1023.2403290995105 129.06478889217695
1023.2403290995105 129.06478889217695
1023.2403290995105 129.06478889217695
1001.588228701813 127.7070487786232
1001.588228701813 127.7070487786232
1001.588228701813 127.7070487786232
1001.588228701813 127.7070487786232
1001.588228701813 127.7070487786232
1001.588228701813 127.7070487786232
1001.588228701813 127.7070487786232
1001.588228701813 127.7070487786232
1001.588228701813 127.7070487786232
982.0214551181523 126.57573739530167
982.0214551181523 126.57573739530167
982.0214551181523 126.57573739530167
982.0214551181523 126.57573739530167
982.0214551181523 126.57573739530167
982.0214551181523 126.57573739530167
982.0214551181523 126.57573739530167
982.0214551181523 126.57573739530167
986.7793904408579 126.82921724807056
986.7793904408579 126.82921724807056
986.7793904408579 126.82921724807056
986.7793904408579 126.82921724807056
986.7793904408579 126.82921724807056
986.7793904408579 126.82921724807056
986.7793904408579 126.82921724807056
986.7793904408579 126.82921724807056
986.7793904408579 126.82921724807056
999.4799263731927 127.58173093601317
999.4799263731927 127.58173093601317
999.4799263731927 127.58173093601317
999.4799263731927 127.58173093601317
999.4799263731927 127.58173093601317
999.4799263731927 127.58173093601317
999.4799263731927 127.58173093601317
999.4799263731927 127.58173093601317
1012.6452570068095 128.39019101468904
1012.6452570068095 128.39019101468904
1012.6452570068095 128.39019101468904
1012.6452570068095 128.39019101468904
1012.6452570068095 128.39019101468904
1012.6452570068095 128.39019101468904
1012.6452570068095 128.39019101468904
1012.6452570068095 128.39019101468904
1012.6452570068095 128.39019101468904
1029.5823836390618 129.5028664779512
1029.5823836390618 129.5028664779512
1029.5823836390618 129.5028664779512
1029.5823836390618 129.5028664779512
1029.5823836390618 129.5028664779512
1029.5823836390618 129.5028664779512
1029.5823836390618 129.5028664779512
1029.5823836390618 129.5028664779512
983.0836339774623 126.6075977828589
983.0836339774623 126.6075977828589
983.0836339774623 126.6075977828589
983.0836339774623 126.6075977828589
983.0836339774623 126.6075977828589
983.0836339774623 126.6075977828589
983.0836339774623 126.6075977828589
983.0836339774623 126.6075977828589
983.0836339774623 126.6075977828589
953.6380128600589 125.02910079931817
953.6380128600589 125.02910079931817
953.6380128600589 125.02910079931817
953.6380128600589 125.02910079931817
953.6380128600589 125.02910079931817
953.6380128600589 125.02910079931817
953.6380128600589 125.02910079931817
953.6380128600589 125.02910079931817
955.6512933001111 125.14241426255143
955.6512933001111 125.14241426255143
955.6512933001111 125.14241426255143
955.6512933001111 125.14241426255143
955.6512933001111 125.14241426255143
955.6512933001111 125.14241426255143
955.6512933001111 125.14241426255143
955.6512933001111 125.14241426255143
883.7478230124655 122.24510407318886
883.7478230124655 122.24510407318886
883.7478230124655 122.24510407318886
883.7478230124655 122.24510407318886
883.7478230124655 122.24510407318886
883.7478230124655 122.24510407318886
883.7478230124655 122.24510407318886
883.7478230124655 122.24510407318886
883.7478230124655 122.24510407318886
884.3123773083049 122.14145514705743
884.3123773083049 122.14145514705743
884.3123773083049 122.14145514705743
884.3123773083049 122.14145514705743
884.3123773083049 122.14145514705743
884.3123773083049 122.14145514705743
884.3123773083049 122.14145514705743
884.3123773083049 122.14145514705743
854.8906605576034 121.12401836632606
854.8906605576034 121.12401836632606
854.8906605576034 121.12401836632606
854.8906605576034 121.12401836632606
854.8906605576034 121.12401836632606
854.8906605576034 121.12401836632606
854.8906605576034 121.12401836632606
854.8906605576034 121.12401836632606
854.8906605576034 121.12401836632606
871.0516866090683 121.69398321199836
871.0516866090683 121.69398321199836
871.0516866090683 121.69398321199836
871.0516866090683 121.69398321199836
871.0516866090683 121.69398321199836
871.0516866090683 121.69398321199836
871.0516866090683 121.69398321199836
871.0516866090683 121.69398321199836
873.9848491228298 121.70315010360142
873.9848491228298 121.70315010360142
873.9848491228298 121.70315010360142
873.9848491228298 121.70315010360142
873.9848491228298 121.70315010360142
873.9848491228298 121.70315010360142
873.9848491228298 121.70315010360142
873.9848491228298 121.70315010360142
923.3581966804995 123.60989139444641
923.3581966804995 123.60989139444641
923.3581966804995 123.60989139444641
923.3581966804995 123.60989139444641
923.3581966804995 123.60989139444641
923.3581966804995 123.60989139444641
923.3581966804995 123.60989139444641
923.3581966804995 123.60989139444641
923.3581966804995 123.60989139444641
958.0481452159951 125.25990031141279
958.0481452159951 125.25990031141279
958.0481452159951 125.25990031141279
958.0481452159951 125.25990031141279
958.0481452159951 125.25990031141279
958.0481452159951 125.25990031141279
958.0481452159951 125.25990031141279
958.0481452159951 125.25990031141279
958.0481452159951 125.25990031141279
978.5140225923158 126.34005282995221
978.5140225923158 126.34005282995221
978.5140225923158 126.34005282995221
978.5140225923158 126.34005282995221
978.5140225923158 126.34005282995221
978.5140225923158 126.34005282995221
978.5140225923158 126.34005282995221
978.5140225923158 126.34005282995221
978.5140225923158 126.34005282995221
1022.5898936642329 129.0375179430809
1022.5898936642329 129.0375179430809
1022.5898936642329 129.0375179430809
1022.5898936642329 129.0375179430809
1022.5898936642329 129.0375179430809
1022.5898936642329 129.0375179430809
1022.5898936642329 129.0375179430809
1022.5898936642329 129.0375179430809
1011.2977870450211 128.30526905050314
1011.2977870450211 128.30526905050314
1011.2977870450211 128.30526905050314
1011.2977870450211 128.30526905050314
1011.2977870450211 128.30526905050314
1011.2977870450211 128.30526905050314
1011.2977870450211 128.30526905050314
1011.2977870450211 128.30526905050314
-631.8037230458792 1822.837291956057
-631.8037230458792 1822.837291956057
-631.8037230458792 1822.837291956057
-631.8037230458792 1822.837291956057
-631.8037230458792 1822.837291956057
-631.8037230458792 1822.837291956057
-631.8037230458792 1822.837291956057
1391.7197104993784 811.0442523972669
1391.7197104993784 811.0442523972669
1391.7197104993784 811.0442523972669
1391.7197104993784 811.0442523972669
1391.7197104993784 811.0442523972669
1391.7197104993784 811.0442523972669
1391.7197104993784 811.0442523972669
1391.7197104993784 811.0442523972669
1391.7197104993784 811.0442523972669
1809.927276294263 285.53683567535353
1809.927276294263 285.53683567535353
1809.927276294263 285.53683567535353
1809.927276294263 285.53683567535353
1809.927276294263 285.53683567535353
1809.927276294263 285.53683567535353
1809.927276294263 285.53683567535353
1809.927276294263 285.53683567535353
1809.927276294263 285.53683567535353
2732.738436533815 53.58894244401202
2732.738436533815 53.58894244401202
2732.738436533815 53.58894244401202
2732.738436533815 53.58894244401202
2732.738436533815 53.58894244401202
2732.738436533815 53.58894244401202
2732.738436533815 53.58894244401202
2732.738436533815 53.58894244401202
3768.9265216128824 4.246968941506772
3768.9265216128824 4.246968941506772
3768.9265216128824 4.246968941506772
3768.9265216128824 4.246968941506772
3768.9265216128824 4.246968941506772
3768.9265216128824 4.246968941506772
3768.9265216128824 4.246968941506772
1429.1652221056065 37.31634531141074
1429.1652221056065 37.31634531141074
1429.1652221056065 37.31634531141074
1429.1652221056065 37.31634531141074
1429.1652221056065 37.31634531141074
1429.1652221056065 37.31634531141074
1429.1652221056065 37.31634531141074
1429.1652221056065 37.31634531141074
2430.569721813869 20.528090742670628
2430.569721813869 20.528090742670628
2430.569721813869 20.528090742670628
2430.569721813869 20.528090742670628
2430.569721813869 20.528090742670628
2430.569721813869 20.528090742670628
2430.569721813869 20.528090742670628
2430.569721813869 20.528090742670628
826.0500437719722 43.602817110624486
826.0500437719722 43.602817110624486
826.0500437719722 43.602817110624486
826.0500437719722 43.602817110624486
826.0500437719722 43.602817110624486
826.0500437719722 43.602817110624486
826.0500437719722 43.602817110624486
826.0500437719722 43.602817110624486
826.0500437719722 43.602817110624486
550.6672596661178 71.2040656169426
550.6672596661178 71.2040656169426
550.6672596661178 71.2040656169426
550.6672596661178 71.2040656169426
550.6672596661178 71.2040656169426
550.6672596661178 71.2040656169426
550.6672596661178 71.2040656169426
550.6672596661178 71.2040656169426
648.3876590605364 94.05463759541453
648.3876590605364 94.05463759541453
648.3876590605364 94.05463759541453
648.3876590605364 94.05463759541453
648.3876590605364 94.05463759541453
648.3876590605364 94.05463759541453
648.3876590605364 94.05463759541453
648.3876590605364 94.05463759541453
735.9097923364108 107.10236209130335
735.9097923364108 107.10236209130335
735.9097923364108 107.10236209130335
735.9097923364108 107.10236209130335
735.9097923364108 107.10236209130335
735.9097923364108 107.10236209130335
735.9097923364108 107.10236209130335
735.9097923364108 107.10236209130335
735.9097923364108 107.10236209130335
893.9055561446687 38.940585566710766
893.9055561446687 38.940585566710766
893.9055561446687 38.940585566710766
893.9055561446687 38.940585566710766
893.9055561446687 38.940585566710766
893.9055561446687 38.940585566710766
893.9055561446687 38.940585566710766
893.9055561446687 38.940585566710766
537.6102784029179 65.07988225580057
537.6102784029179 65.07988225580057
537.6102784029179 65.07988225580057
537.6102784029179 65.07988225580057
537.6102784029179 65.07988225580057
537.6102784029179 65.07988225580057
537.6102784029179 65.07988225580057
537.6102784029179 65.07988225580057
537.6102784029179 65.07988225580057
687.7121291619898 43.214580454433204
687.7121291619898 43.214580454433204
687.7121291619898 43.214580454433204
687.7121291619898 43.214580454433204
687.7121291619898 43.214580454433204
687.7121291619898 43.214580454433204
687.7121291619898 43.214580454433204
687.7121291619898 43.214580454433204
687.7121291619898 43.214580454433204
449.2555095621871 63.67353175238431
449.2555095621871 63.67353175238431
449.2555095621871 63.67353175238431
449.2555095621871 63.67353175238431
449.2555095621871 63.67353175238431
449.2555095621871 63.67353175238431
449.2555095621871 63.67353175238431
449.2555095621871 63.67353175238431
449.2555095621871 63.67353175238431
381.923135069261 84.21778280994133
381.923135069261 84.21778280994133
381.923135069261 84.21778280994133
381.923135069261 84.21778280994133
381.923135069261 84.21778280994133
381.923135069261 84.21778280994133
381.923135069261 84.21778280994133
381.923135069261 84.21778280994133
381.923135069261 84.21778280994133
538.3225494778678 98.80668670193626
538.3225494778678 98.80668670193626
538.3225494778678 98.80668670193626
538.3225494778678 98.80668670193626
538.3225494778678 98.80668670193626
538.3225494778678 98.80668670193626
538.3225494778678 98.80668670193626
538.3225494778678 98.80668670193626
650.6968214558971 107.43737901173961
650.6968214558971 107.43737901173961
650.6968214558971 107.43737901173961
650.6968214558971 107.43737901173961
650.6968214558971 107.43737901173961
650.6968214558971 107.43737901173961
650.6968214558971 107.43737901173961
650.6968214558971 107.43737901173961
650.6968214558971 107.43737901173961
650.6968214558971 107.43737901173961
692.9010526061836 111.90736865154224
692.9010526061836 111.90736865154224
692.9010526061836 111.90736865154224
692.9010526061836 111.90736865154224
692.9010526061836 111.90736865154224
692.9010526061836 111.90736865154224
692.9010526061836 111.90736865154224
692.9010526061836 111.90736865154224
692.9010526061836 111.90736865154224
324.9756216364845 52.43692056312629
324.9756216364845 52.43692056312629
324.9756216364845 52.43692056312629
324.9756216364845 52.43692056312629
324.9756216364845 52.43692056312629
324.9756216364845 52.43692056312629
324.9756216364845 52.43692056312629
324.9756216364845 52.43692056312629
302.72307015703535 67.3047490081073
302.72307015703535 67.3047490081073
302.72307015703535 67.3047490081073
302.72307015703535 67.3047490081073
302.72307015703535 67.3047490081073
302.72307015703535 67.3047490081073
302.72307015703535 67.3047490081073
302.72307015703535 67.3047490081073
302.72307015703535 67.3047490081073
415.5529151611667 86.58934570299397
415.5529151611667 86.58934570299397
415.5529151611667 86.58934570299397
415.5529151611667 86.58934570299397
415.5529151611667 86.58934570299397
415.5529151611667 86.58934570299397
415.5529151611667 86.58934570299397
415.5529151611667 86.58934570299397
415.5529151611667 86.58934570299397
583.0277698737748 100.48058739800916
583.0277698737748 100.48058739800916
583.0277698737748 100.48058739800916
583.0277698737748 100.48058739800916
583.0277698737748 100.48058739800916
583.0277698737748 100.48058739800916
583.0277698737748 100.48058739800916
583.0277698737748 100.48058739800916
701.7692415089874 109.26295236511243
701.7692415089874 109.26295236511243
701.7692415089874 109.26295236511243
701.7692415089874 109.26295236511243
701.7692415089874 109.26295236511243
701.7692415089874 109.26295236511243
701.7692415089874 109.26295236511243
701.7692415089874 109.26295236511243
701.7692415089874 109.26295236511243
775.9771639178413 114.55083457848013
775.9771639178413 114.55083457848013
775.9771639178413 114.55083457848013
775.9771639178413 114.55083457848013
775.9771639178413 114.55083457848013
775.9771639178413 114.55083457848013
775.9771639178413 114.55083457848013
775.9771639178413 114.55083457848013
775.9771639178413 114.55083457848013
803.9469686655742 116.95337930130648
803.9469686655742 116.95337930130648
803.9469686655742 116.95337930130648
803.9469686655742 116.95337930130648
803.9469686655742 116.95337930130648
803.9469686655742 116.95337930130648
803.9469686655742 116.95337930130648
803.9469686655742 116.95337930130648
803.9469686655742 116.95337930130648
803.9469686655742 116.95337930130648
916.5764286301937 122.50095229825297
916.5764286301937 122.50095229825297
916.5764286301937 122.50095229825297
916.5764286301937 122.50095229825297
916.5764286301937 122.50095229825297
916.5764286301937 122.50095229825297
916.5764286301937 122.50095229825297
916.5764286301937 122.50095229825297
916.5764286301937 122.50095229825297
946.7648315213287 124.30879672313145
946.7648315213287 124.30879672313145
946.7648315213287 124.30879672313145
946.7648315213287 124.30879672313145
946.7648315213287 124.30879672313145
946.7648315213287 124.30879672313145
946.7648315213287 124.30879672313145
946.7648315213287 124.30879672313145
946.7648315213287 124.30879672313145
970.5113825472831 125.74297934461319
970.5113825472831 125.74297934461319
970.5113825472831 125.74297934461319
970.5113825472831 125.74297934461319
970.5113825472831 125.74297934461319
970.5113825472831 125.74297934461319
970.5113825472831 125.74297934461319
970.5113825472831 125.74297934461319
979.3386354673839 126.311630495772
979.3386354673839 126.311630495772
979.3386354673839 126.311630495772
979.3386354673839 126.311630495772
979.3386354673839 126.311630495772
979.3386354673839 126.311630495772
979.3386354673839 126.311630495772
979.3386354673839 126.311630495772
971.0918197283908 125.85284034972724
971.0918197283908 125.85284034972724
971.0918197283908 125.85284034972724
971.0918197283908 125.85284034972724
971.0918197283908 125.85284034972724
971.0918197283908 125.85284034972724
971.0918197283908 125.85284034972724
971.0918197283908 125.85284034972724
971.0918197283908 125.85284034972724
964.1376738718819 125.47641652768777
964.1376738718819 125.47641652768777
964.1376738718819 125.47641652768777
964.1376738718819 125.47641652768777
964.1376738718819 125.47641652768777
964.1376738718819 125.47641652768777
964.1376738718819 125.47641652768777
964.1376738718819 125.47641652768777
964.1376738718819 125.47641652768777
406.69114757476376 50.15010369640217
406.69114757476376 50.15010369640217
406.69114757476376 50.15010369640217
406.69114757476376 50.15010369640217
406.69114757476376 50.15010369640217
406.69114757476376 50.15010369640217
406.69114757476376 50.15010369640217
406.69114757476376 50.15010369640217
1254.6170494817761 56.19455311842667
1254.6170494817761 56.19455311842667
1254.6170494817761 56.19455311842667
1254.6170494817761 56.19455311842667
1254.6170494817761 56.19455311842667
1254.6170494817761 56.19455311842667
1254.6170494817761 56.19455311842667
1254.6170494817761 56.19455311842667
1254.6170494817761 56.19455311842667
48.66419918864018 60.98862783865495
48.66419918864018 60.98862783865495
48.66419918864018 60.98862783865495
48.66419918864018 60.98862783865495
48.66419918864018 60.98862783865495
48.66419918864018 60.98862783865495
48.66419918864018 60.98862783865495
48.66419918864018 60.98862783865495
-41.61254568735134 75.11568307819618
-41.61254568735134 75.11568307819618
-41.61254568735134 75.11568307819618
-41.61254568735134 75.11568307819618
-41.61254568735134 75.11568307819618
-41.61254568735134 75.11568307819618
-41.61254568735134 75.11568307819618
-41.61254568735134 75.11568307819618
-41.61254568735134 75.11568307819618
-41.61254568735134 75.11568307819618
143.57411982503942 88.56603513537735
143.57411982503942 88.56603513537735
143.57411982503942 88.56603513537735
143.57411982503942 88.56603513537735
143.57411982503942 88.56603513537735
143.57411982503942 88.56603513537735
143.57411982503942 88.56603513537735
143.57411982503942 88.56603513537735
378.1044210007299 98.8743113419205
378.1044210007299 98.8743113419205
378.1044210007299 98.8743113419205
378.1044210007299 98.8743113419205
378.1044210007299 98.8743113419205
378.1044210007299 98.8743113419205
378.1044210007299 98.8743113419205
378.1044210007299 98.8743113419205
378.1044210007299 98.8743113419205
541.9688315457211 106.39611078884772
541.9688315457211 106.39611078884772
541.9688315457211 106.39611078884772
541.9688315457211 106.39611078884772
541.9688315457211 106.39611078884772
541.9688315457211 106.39611078884772
541.9688315457211 106.39611078884772
541.9688315457211 106.39611078884772
716.7110948835866 112.95618417599897
716.7110948835866 112.95618417599897
716.7110948835866 112.95618417599897
716.7110948835866 112.95618417599897
716.7110948835866 112.95618417599897
716.7110948835866 112.95618417599897
716.7110948835866 112.95618417599897
716.7110948835866 112.95618417599897
716.7110948835866 112.95618417599897
802.2170631911829 117.11439229024302
802.2170631911829 117.11439229024302
802.2170631911829 117.11439229024302
802.2170631911829 117.11439229024302
802.2170631911829 117.11439229024302
802.2170631911829 117.11439229024302
802.2170631911829 117.11439229024302
802.2170631911829 117.11439229024302
802.2170631911829 117.11439229024302
853.7523724685165 119.73893959308126
853.7523724685165 119.73893959308126
853.7523724685165 119.73893959308126
853.7523724685165 119.73893959308126
853.7523724685165 119.73893959308126
853.7523724685165 119.73893959308126
853.7523724685165 119.73893959308126
853.7523724685165 119.73893959308126
916.8854053879815 122.81909573322179
916.8854053879815 122.81909573322179
916.8854053879815 122.81909573322179
916.8854053879815 122.81909573322179
916.8854053879815 122.81909573322179
916.8854053879815 122.81909573322179
916.8854053879815 122.81909573322179
916.8854053879815 122.81909573322179
967.4800424024685 125.58709610034154
967.4800424024685 125.58709610034154
967.4800424024685 125.58709610034154
967.4800424024685 125.58709610034154
967.4800424024685 125.58709610034154
967.4800424024685 125.58709610034154
967.4800424024685 125.58709610034154
967.4800424024685 125.58709610034154
967.4800424024685 125.58709610034154
948.7316104103032 124.65209923680786
948.7316104103032 124.65209923680786
948.7316104103032 124.65209923680786
948.7316104103032 124.65209923680786
948.7316104103032 124.65209923680786
948.7316104103032 124.65209923680786
948.7316104103032 124.65209923680786
948.7316104103032 124.65209923680786
948.7316104103032 124.65209923680786
908.7747086510562 122.77463254205955
908.7747086510562 122.77463254205955
908.7747086510562 122.77463254205955
908.7747086510562 122.77463254205955
908.7747086510562 122.77463254205955
908.7747086510562 122.77463254205955
908.7747086510562 122.77463254205955
908.7747086510562 122.77463254205955
908.7747086510562 122.77463254205955
925.2028375086593 123.5569258090645
925.2028375086593 123.5569258090645
925.2028375086593 123.5569258090645
925.2028375086593 123.5569258090645
925.2028375086593 123.5569258090645
925.2028375086593 123.5569258090645
925.2028375086593 123.5569258090645
916.1422024678353 123.13691013344678
916.1422024678353 123.13691013344678
916.1422024678353 123.13691013344678
916.1422024678353 123.13691013344678
916.1422024678353 123.13691013344678
916.1422024678353 123.13691013344678
916.1422024678353 123.13691013344678
916.1422024678353 123.13691013344678
916.1422024678353 123.13691013344678
859.8478062188624 120.95375808402281
859.8478062188624 120.95375808402281
859.8478062188624 120.95375808402281
859.8478062188624 120.95375808402281
859.8478062188624 120.95375808402281
859.8478062188624 120.95375808402281
859.8478062188624 120.95375808402281
826.9868877182913 120.22400283375319
826.9868877182913 120.22400283375319
826.9868877182913 120.22400283375319
826.9868877182913 120.22400283375319
826.9868877182913 120.22400283375319
826.9868877182913 120.22400283375319
826.9868877182913 120.22400283375319
826.9868877182913 120.22400283375319
883.0639994853669 121.9173491757671
883.0639994853669 121.9173491757671
883.0639994853669 121.9173491757671
883.0639994853669 121.9173491757671
883.0639994853669 121.9173491757671
883.0639994853669 121.9173491757671
883.0639994853669 121.9173491757671
883.0639994853669 121.9173491757671
883.0639994853669 121.9173491757671
881.5015323925323 121.82108612944654
881.5015323925323 121.82108612944654
881.5015323925323 121.82108612944654
881.5015323925323 121.82108612944654
881.5015323925323 121.82108612944654
881.5015323925323 121.82108612944654
881.5015323925323 121.82108612944654
881.5015323925323 121.82108612944654
903.1982123549722 122.68264598481002
903.1982123549722 122.68264598481002
903.1982123549722 122.68264598481002
903.1982123549722 122.68264598481002
903.1982123549722 122.68264598481002
903.1982123549722 122.68264598481002
903.1982123549722 122.68264598481002
903.1982123549722 122.68264598481002
903.1982123549722 122.68264598481002
916.0816707828706 123.23397740859602
916.0816707828706 123.23397740859602
916.0816707828706 123.23397740859602
916.0816707828706 123.23397740859602
916.0816707828706 123.23397740859602
916.0816707828706 123.23397740859602
916.0816707828706 123.23397740859602
916.0816707828706 123.23397740859602
916.0816707828706 123.23397740859602
916.0816707828706 123.23397740859602
933.5533676663307 123.81423481719492
933.5533676663307 123.81423481719492
933.5533676663307 123.81423481719492
933.5533676663307 123.81423481719492
933.5533676663307 123.81423481719492
933.5533676663307 123.81423481719492
933.5533676663307 123.81423481719492
933.5533676663307 123.81423481719492
693.4949010024404 116.55729452103188
693.4949010024404 116.55729452103188
693.4949010024404 116.55729452103188
693.4949010024404 116.55729452103188
693.4949010024404 116.55729452103188
693.4949010024404 116.55729452103188
693.4949010024404 116.55729452103188
693.4949010024404 116.55729452103188
693.380981713931 116.83008641730873
693.380981713931 116.83008641730873
693.380981713931 116.83008641730873
693.380981713931 116.83008641730873
693.380981713931 116.83008641730873
693.380981713931 116.83008641730873
693.380981713931 116.83008641730873
693.380981713931 116.83008641730873
693.380981713931 116.83008641730873
261.9674433830973 54.1191727541792
261.9674433830973 54.1191727541792
261.9674433830973 54.1191727541792
261.9674433830973 54.1191727541792
261.9674433830973 54.1191727541792
261.9674433830973 54.1191727541792
261.9674433830973 54.1191727541792
261.9674433830973 54.1191727541792
261.9674433830973 54.1191727541792
283.33025470825544 68.97558298892471
283.33025470825544 68.97558298892471
283.33025470825544 68.97558298892471
283.33025470825544 68.97558298892471
283.33025470825544 68.97558298892471
283.33025470825544 68.97558298892471
283.33025470825544 68.97558298892471
283.33025470825544 68.97558298892471
283.33025470825544 68.97558298892471
639.5763492012312 92.88920391963629
639.5763492012312 92.88920391963629
639.5763492012312 92.88920391963629
639.5763492012312 92.88920391963629
639.5763492012312 92.88920391963629
639.5763492012312 92.88920391963629
639.5763492012312 92.88920391963629
639.5763492012312 92.88920391963629
386.1282322660202 98.0284394016364
386.1282322660202 98.0284394016364
386.1282322660202 98.0284394016364
386.1282322660202 98.0284394016364
386.1282322660202 98.0284394016364
386.1282322660202 98.0284394016364
386.1282322660202 98.0284394016364
386.1282322660202 98.0284394016364
386.1282322660202 98.0284394016364
367.7218026869666 104.70788767150782
367.7218026869666 104.70788767150782
367.7218026869666 104.70788767150782
367.7218026869666 104.70788767150782
367.7218026869666 104.70788767150782
367.7218026869666 104.70788767150782
367.7218026869666 104.70788767150782
367.7218026869666 104.70788767150782
367.7218026869666 104.70788767150782
429.29054740469616 108.8059042399399
429.29054740469616 108.8059042399399
429.29054740469616 108.8059042399399
429.29054740469616 108.8059042399399
429.29054740469616 108.8059042399399
429.29054740469616 108.8059042399399
429.29054740469616 108.8059042399399
429.29054740469616 108.8059042399399
429.29054740469616 108.8059042399399
470.57361521080315 111.29675522770003
470.57361521080315 111.29675522770003
470.57361521080315 111.29675522770003
470.57361521080315 111.29675522770003
470.57361521080315 111.29675522770003
470.57361521080315 111.29675522770003
470.57361521080315 111.29675522770003
470.57361521080315 111.29675522770003
470.57361521080315 111.29675522770003
470.57361521080315 111.29675522770003
551.1849640338356 111.97923590902087
551.1849640338356 111.97923590902087
551.1849640338356 111.97923590902087
551.1849640338356 111.97923590902087
551.1849640338356 111.97923590902087
551.1849640338356 111.97923590902087
551.1849640338356 111.97923590902087
551.1849640338356 111.97923590902087
406.65260709423967 114.31287175917905
406.65260709423967 114.31287175917905
406.65260709423967 114.31287175917905
406.65260709423967 114.31287175917905
406.65260709423967 114.31287175917905
406.65260709423967 114.31287175917905
406.65260709423967 114.31287175917905
406.65260709423967 114.31287175917905
406.65260709423967 114.31287175917905
406.65260709423967 114.31287175917905
236.15167930120663 118.64195979527992
236.15167930120663 118.64195979527992
236.15167930120663 118.64195979527992
236.15167930120663 118.64195979527992
236.15167930120663 118.64195979527992
236.15167930120663 118.64195979527992
236.15167930120663 118.64195979527992
236.15167930120663 118.64195979527992
236.15167930120663 118.64195979527992
-188.72378222987012 140.38398579015012
-188.72378222987012 140.38398579015012
-188.72378222987012 140.38398579015012
-188.72378222987012 140.38398579015012
-188.72378222987012 140.38398579015012
-188.72378222987012 140.38398579015012
-188.72378222987012 140.38398579015012
-188.72378222987012 140.38398579015012
-188.72378222987012 140.38398579015012
-90.89427634590666 133.5496957085427
-90.89427634590666 133.5496957085427
-90.89427634590666 133.5496957085427
-90.89427634590666 133.5496957085427
-90.89427634590666 133.5496957085427
-90.89427634590666 133.5496957085427
-90.89427634590666 133.5496957085427
