1218.4911922321683 150.11320250720902
1218.4911922321683 150.11320250720902
1218.4911922321683 150.11320250720902
1218.4911922321683 150.11320250720902
1218.4911922321683 150.11320250720902
1218.4911922321683 150.11320250720902
1095.8024943042974 135.2680443532186
1095.8024943042974 135.2680443532186
1095.8024943042974 135.2680443532186
1095.8024943042974 135.2680443532186
1095.8024943042974 135.2680443532186
1095.8024943042974 135.2680443532186
1095.8024943042974 135.2680443532186
1095.8024943042974 135.2680443532186
1095.8024943042974 135.2680443532186
1095.8024943042974 135.2680443532186
1095.8024943042974 135.2680443532186
1095.8024943042974 135.2680443532186
1130.8538685244057 138.85106761714513
1130.8538685244057 138.85106761714513
1130.8538685244057 138.85106761714513
1130.8538685244057 138.85106761714513
1130.8538685244057 138.85106761714513
1130.8538685244057 138.85106761714513
1130.8538685244057 138.85106761714513
1130.8538685244057 138.85106761714513
1130.8538685244057 138.85106761714513
1130.8538685244057 138.85106761714513
1053.2582439695354 131.43985108762897
1053.2582439695354 131.43985108762897
1053.2582439695354 131.43985108762897
1053.2582439695354 131.43985108762897
1053.2582439695354 131.43985108762897
1053.2582439695354 131.43985108762897
1053.2582439695354 131.43985108762897
1053.2582439695354 131.43985108762897
1053.2582439695354 131.43985108762897
1176.383195299985 143.15936247504246
1176.383195299985 143.15936247504246
1176.383195299985 143.15936247504246
1176.383195299985 143.15936247504246
1176.383195299985 143.15936247504246
1176.383195299985 143.15936247504246
1176.383195299985 143.15936247504246
1176.383195299985 143.15936247504246
1176.383195299985 143.15936247504246
1074.8695176916058 133.20873589057865
1074.8695176916058 133.20873589057865
1074.8695176916058 133.20873589057865
1074.8695176916058 133.20873589057865
1074.8695176916058 133.20873589057865
1074.8695176916058 133.20873589057865
1074.8695176916058 133.20873589057865
1074.8695176916058 133.20873589057865
1239.7101224855382 151.0225550924203
1239.7101224855382 151.0225550924203
1239.7101224855382 151.0225550924203
1239.7101224855382 151.0225550924203
1239.7101224855382 151.0225550924203
1239.7101224855382 151.0225550924203
1239.7101224855382 151.0225550924203
1239.7101224855382 151.0225550924203
1239.7101224855382 151.0225550924203
1353.812469217398 169.4123205000564
1353.812469217398 169.4123205000564
1353.812469217398 169.4123205000564
1353.812469217398 169.4123205000564
1353.812469217398 169.4123205000564
1353.812469217398 169.4123205000564
1353.812469217398 169.4123205000564
1353.812469217398 169.4123205000564
1353.812469217398 169.4123205000564
1339.1728791372009 166.8026325923139
1339.1728791372009 166.8026325923139
1339.1728791372009 166.8026325923139
1339.1728791372009 166.8026325923139
1339.1728791372009 166.8026325923139
1339.1728791372009 166.8026325923139
1339.1728791372009 166.8026325923139
1339.1728791372009 166.8026325923139
1339.1728791372009 166.8026325923139
1378.0764332011588 174.56358234196236
1378.0764332011588 174.56358234196236
1378.0764332011588 174.56358234196236
1378.0764332011588 174.56358234196236
1378.0764332011588 174.56358234196236
1378.0764332011588 174.56358234196236
1378.0764332011588 174.56358234196236
1378.0764332011588 174.56358234196236
1378.0764332011588 174.56358234196236
1417.345287094231 183.66847652985837
1417.345287094231 183.66847652985837
1417.345287094231 183.66847652985837
1417.345287094231 183.66847652985837
1417.345287094231 183.66847652985837
1417.345287094231 183.66847652985837
1417.345287094231 183.66847652985837
1417.345287094231 183.66847652985837
1417.345287094231 183.66847652985837
1446.255559412725 190.5471290661345
1446.255559412725 190.5471290661345
1446.255559412725 190.5471290661345
1446.255559412725 190.5471290661345
1446.255559412725 190.5471290661345
1446.255559412725 190.5471290661345
1446.255559412725 190.5471290661345
1446.255559412725 190.5471290661345
1446.255559412725 190.5471290661345
1458.2694734124316 194.39403054671251
1458.2694734124316 194.39403054671251
1458.2694734124316 194.39403054671251
1458.2694734124316 194.39403054671251
1458.2694734124316 194.39403054671251
1458.2694734124316 194.39403054671251
1458.2694734124316 194.39403054671251
1458.2694734124316 194.39403054671251
1458.2694734124316 194.39403054671251
1458.2694734124316 194.39403054671251
1481.4187115233556 200.21199552414936
1481.4187115233556 200.21199552414936
1481.4187115233556 200.21199552414936
1481.4187115233556 200.21199552414936
1481.4187115233556 200.21199552414936
1481.4187115233556 200.21199552414936
1481.4187115233556 200.21199552414936
1481.4187115233556 200.21199552414936
1512.982170591784 209.2268160948459
1512.982170591784 209.2268160948459
1512.982170591784 209.2268160948459
1512.982170591784 209.2268160948459
1512.982170591784 209.2268160948459
1512.982170591784 209.2268160948459
1512.982170591784 209.2268160948459
1512.982170591784 209.2268160948459
1512.982170591784 209.2268160948459
1526.008963008888 213.78273875019391
1526.008963008888 213.78273875019391
1526.008963008888 213.78273875019391
1526.008963008888 213.78273875019391
1526.008963008888 213.78273875019391
1526.008963008888 213.78273875019391
1526.008963008888 213.78273875019391
1526.008963008888 213.78273875019391
1517.7695695964878 211.01054171692448
1517.7695695964878 211.01054171692448
1517.7695695964878 211.01054171692448
1517.7695695964878 211.01054171692448
1517.7695695964878 211.01054171692448
1517.7695695964878 211.01054171692448
1517.7695695964878 211.01054171692448
1517.7695695964878 211.01054171692448
1517.7695695964878 211.01054171692448
1517.7695695964878 211.01054171692448
1523.929594822892 213.09957786289027
1523.929594822892 213.09957786289027
1523.929594822892 213.09957786289027
1523.929594822892 213.09957786289027
1523.929594822892 213.09957786289027
1523.929594822892 213.09957786289027
1523.929594822892 213.09957786289027
1523.929594822892 213.09957786289027
1506.6584624015904 206.95000164982144
1506.6584624015904 206.95000164982144
1506.6584624015904 206.95000164982144
1506.6584624015904 206.95000164982144
1506.6584624015904 206.95000164982144
1506.6584624015904 206.95000164982144
1506.6584624015904 206.95000164982144
1506.6584624015904 206.95000164982144
1506.6584624015904 206.95000164982144
1506.6584624015904 206.95000164982144
1515.0900312560195 210.13035928065239
1515.0900312560195 210.13035928065239
1515.0900312560195 210.13035928065239
1515.0900312560195 210.13035928065239
1515.0900312560195 210.13035928065239
1515.0900312560195 210.13035928065239
1515.0900312560195 210.13035928065239
1515.0900312560195 210.13035928065239
1490.7867159177106 202.83590800731074
1490.7867159177106 202.83590800731074
1490.7867159177106 202.83590800731074
1490.7867159177106 202.83590800731074
1490.7867159177106 202.83590800731074
1490.7867159177106 202.83590800731074
1490.7867159177106 202.83590800731074
1490.7867159177106 202.83590800731074
1490.7867159177106 202.83590800731074
1468.8645667554829 196.0630684901963
1468.8645667554829 196.0630684901963
1468.8645667554829 196.0630684901963
1468.8645667554829 196.0630684901963
1468.8645667554829 196.0630684901963
1468.8645667554829 196.0630684901963
1468.8645667554829 196.0630684901963
1468.8645667554829 196.0630684901963
1468.8645667554829 196.0630684901963
1466.5481037933064 195.0539530651114
1466.5481037933064 195.0539530651114
1466.5481037933064 195.0539530651114
1466.5481037933064 195.0539530651114
1466.5481037933064 195.0539530651114
1466.5481037933064 195.0539530651114
1466.5481037933064 195.0539530651114
1466.5481037933064 195.0539530651114
1448.2696770446148 190.02882223408093
1448.2696770446148 190.02882223408093
1448.2696770446148 190.02882223408093
1448.2696770446148 190.02882223408093
1448.2696770446148 190.02882223408093
1448.2696770446148 190.02882223408093
1448.2696770446148 190.02882223408093
1448.2696770446148 190.02882223408093
1448.2696770446148 190.02882223408093
1448.2696770446148 190.02882223408093
1448.2696770446148 190.02882223408093
1432.9369055594834 187.17995997239478
1432.9369055594834 187.17995997239478
1432.9369055594834 187.17995997239478
1432.9369055594834 187.17995997239478
1432.9369055594834 187.17995997239478
1432.9369055594834 187.17995997239478
1432.9369055594834 187.17995997239478
1432.9369055594834 187.17995997239478
1432.9369055594834 187.17995997239478
1442.6386455443817 188.71949865007826
1442.6386455443817 188.71949865007826
1442.6386455443817 188.71949865007826
1442.6386455443817 188.71949865007826
1442.6386455443817 188.71949865007826
1442.6386455443817 188.71949865007826
1442.6386455443817 188.71949865007826
1442.6386455443817 188.71949865007826
1442.6386455443817 188.71949865007826
1434.5153898856163 186.79022039272203
1434.5153898856163 186.79022039272203
1434.5153898856163 186.79022039272203
1434.5153898856163 186.79022039272203
1434.5153898856163 186.79022039272203
1434.5153898856163 186.79022039272203
1434.5153898856163 186.79022039272203
1434.5153898856163 186.79022039272203
1431.037570512018 186.00655353109155
1431.037570512018 186.00655353109155
1431.037570512018 186.00655353109155
1431.037570512018 186.00655353109155
1431.037570512018 186.00655353109155
1431.037570512018 186.00655353109155
1431.037570512018 186.00655353109155
1431.037570512018 186.00655353109155
1431.037570512018 186.00655353109155
1431.037570512018 186.00655353109155
1363.5414402968518 172.17931075887623
1363.5414402968518 172.17931075887623
1363.5414402968518 172.17931075887623
1363.5414402968518 172.17931075887623
1363.5414402968518 172.17931075887623
1363.5414402968518 172.17931075887623
1363.5414402968518 172.17931075887623
1363.5414402968518 172.17931075887623
1363.5414402968518 172.17931075887623
1363.5414402968518 172.17931075887623
1363.5414402968518 172.17931075887623
1841.5159357088767 62.29091984525539
1841.5159357088767 62.29091984525539
1841.5159357088767 62.29091984525539
1841.5159357088767 62.29091984525539
1841.5159357088767 62.29091984525539
1841.5159357088767 62.29091984525539
1841.5159357088767 62.29091984525539
1841.5159357088767 62.29091984525539
1841.5159357088767 62.29091984525539
1157.317549006437 90.32714708695636
1157.317549006437 90.32714708695636
1157.317549006437 90.32714708695636
1157.317549006437 90.32714708695636
1157.317549006437 90.32714708695636
1157.317549006437 90.32714708695636
1157.317549006437 90.32714708695636
1157.317549006437 90.32714708695636
1157.317549006437 90.32714708695636
1157.317549006437 90.32714708695636
1116.3868461542959 123.29026032141527
1116.3868461542959 123.29026032141527
1116.3868461542959 123.29026032141527
1116.3868461542959 123.29026032141527
1116.3868461542959 123.29026032141527
1116.3868461542959 123.29026032141527
1116.3868461542959 123.29026032141527
1116.3868461542959 123.29026032141527
1116.3868461542959 123.29026032141527
1142.8593734513668 139.6327003055731
1142.8593734513668 139.6327003055731
1142.8593734513668 139.6327003055731
1142.8593734513668 139.6327003055731
1142.8593734513668 139.6327003055731
1142.8593734513668 139.6327003055731
1142.8593734513668 139.6327003055731
1142.8593734513668 139.6327003055731
1142.8593734513668 139.6327003055731
1193.2841181946349 149.56797722168508
1193.2841181946349 149.56797722168508
1193.2841181946349 149.56797722168508
1193.2841181946349 149.56797722168508
1193.2841181946349 149.56797722168508
1193.2841181946349 149.56797722168508
1193.2841181946349 149.56797722168508
1193.2841181946349 149.56797722168508
1193.2841181946349 149.56797722168508
1301.2409564551656 166.68857054481927
1301.2409564551656 166.68857054481927
1301.2409564551656 166.68857054481927
1301.2409564551656 166.68857054481927
1301.2409564551656 166.68857054481927
1301.2409564551656 166.68857054481927
1301.2409564551656 166.68857054481927
1301.2409564551656 166.68857054481927
1301.2409564551656 166.68857054481927
1358.2333033773334 176.06200160660333
1358.2333033773334 176.06200160660333
1358.2333033773334 176.06200160660333
1358.2333033773334 176.06200160660333
1358.2333033773334 176.06200160660333
1358.2333033773334 176.06200160660333
1358.2333033773334 176.06200160660333
1358.2333033773334 176.06200160660333
1358.2333033773334 176.06200160660333
1376.278830505523 177.84688659539015
1376.278830505523 177.84688659539015
1376.278830505523 177.84688659539015
1376.278830505523 177.84688659539015
1376.278830505523 177.84688659539015
1376.278830505523 177.84688659539015
1376.278830505523 177.84688659539015
1376.278830505523 177.84688659539015
1376.278830505523 177.84688659539015
1413.6553097449196 184.89338041658098
1413.6553097449196 184.89338041658098
1413.6553097449196 184.89338041658098
1413.6553097449196 184.89338041658098
1413.6553097449196 184.89338041658098
1413.6553097449196 184.89338041658098
1413.6553097449196 184.89338041658098
1413.6553097449196 184.89338041658098
1413.6553097449196 184.89338041658098
1413.6553097449196 184.89338041658098
1434.5831573795176 187.50049632929978
1434.5831573795176 187.50049632929978
1434.5831573795176 187.50049632929978
1434.5831573795176 187.50049632929978
1434.5831573795176 187.50049632929978
1434.5831573795176 187.50049632929978
1434.5831573795176 187.50049632929978
1434.5831573795176 187.50049632929978
1434.5831573795176 187.50049632929978
1434.5831573795176 187.50049632929978
1461.8313491609915 194.3800680635242
1461.8313491609915 194.3800680635242
1461.8313491609915 194.3800680635242
1461.8313491609915 194.3800680635242
1461.8313491609915 194.3800680635242
1461.8313491609915 194.3800680635242
1461.8313491609915 194.3800680635242
1461.8313491609915 194.3800680635242
1461.8313491609915 194.3800680635242
1461.9477295659722 194.24900209207718
1461.9477295659722 194.24900209207718
1461.9477295659722 194.24900209207718
1461.9477295659722 194.24900209207718
1461.9477295659722 194.24900209207718
1461.9477295659722 194.24900209207718
1461.9477295659722 194.24900209207718
1461.9477295659722 194.24900209207718
1468.2683393289315 196.05091130895406
1468.2683393289315 196.05091130895406
1468.2683393289315 196.05091130895406
1468.2683393289315 196.05091130895406
1468.2683393289315 196.05091130895406
1468.2683393289315 196.05091130895406
1468.2683393289315 196.05091130895406
1468.2683393289315 196.05091130895406
1468.2683393289315 196.05091130895406
1446.3940202956655 190.33504565042213
1446.3940202956655 190.33504565042213
1446.3940202956655 190.33504565042213
1446.3940202956655 190.33504565042213
1446.3940202956655 190.33504565042213
1446.3940202956655 190.33504565042213
1446.3940202956655 190.33504565042213
1446.3940202956655 190.33504565042213
1446.3940202956655 190.33504565042213
1431.698527404531 186.720044368165
1431.698527404531 186.720044368165
1431.698527404531 186.720044368165
1431.698527404531 186.720044368165
1431.698527404531 186.720044368165
1431.698527404531 186.720044368165
1431.698527404531 186.720044368165
1431.698527404531 186.720044368165
1431.698527404531 186.720044368165
1439.6124134746585 188.1763163414585
1439.6124134746585 188.1763163414585
1439.6124134746585 188.1763163414585
1439.6124134746585 188.1763163414585
1439.6124134746585 188.1763163414585
1439.6124134746585 188.1763163414585
1439.6124134746585 188.1763163414585
1439.6124134746585 188.1763163414585
1439.6124134746585 188.1763163414585
1433.8373901444327 186.1926424484231
1433.8373901444327 186.1926424484231
1433.8373901444327 186.1926424484231
1433.8373901444327 186.1926424484231
1433.8373901444327 186.1926424484231
1433.8373901444327 186.1926424484231
1433.8373901444327 186.1926424484231
1433.8373901444327 186.1926424484231
1433.8373901444327 186.1926424484231
1421.903743655787 183.31000323282336
1421.903743655787 183.31000323282336
1421.903743655787 183.31000323282336
1421.903743655787 183.31000323282336
1421.903743655787 183.31000323282336
1421.903743655787 183.31000323282336
1421.903743655787 183.31000323282336
1421.903743655787 183.31000323282336
1421.903743655787 183.31000323282336
1421.903743655787 183.31000323282336
1421.903743655787 183.31000323282336
1428.4990951964753 184.3480098725595
1428.4990951964753 184.3480098725595
1428.4990951964753 184.3480098725595
1428.4990951964753 184.3480098725595
1428.4990951964753 184.3480098725595
1428.4990951964753 184.3480098725595
1428.4990951964753 184.3480098725595
1428.4990951964753 184.3480098725595
1428.4990951964753 184.3480098725595
1411.6005350882747 180.19796669313135
1411.6005350882747 180.19796669313135
1411.6005350882747 180.19796669313135
1411.6005350882747 180.19796669313135
1411.6005350882747 180.19796669313135
1411.6005350882747 180.19796669313135
1411.6005350882747 180.19796669313135
1411.6005350882747 180.19796669313135
1411.6005350882747 180.19796669313135
1414.8010943014212 181.22870362837364
1414.8010943014212 181.22870362837364
1414.8010943014212 181.22870362837364
1414.8010943014212 181.22870362837364
1414.8010943014212 181.22870362837364
1414.8010943014212 181.22870362837364
1414.8010943014212 181.22870362837364
1414.8010943014212 181.22870362837364
1414.8010943014212 181.22870362837364
1404.3014881513575 178.71122360359817
1404.3014881513575 178.71122360359817
1404.3014881513575 178.71122360359817
1404.3014881513575 178.71122360359817
1404.3014881513575 178.71122360359817
1404.3014881513575 178.71122360359817
1404.3014881513575 178.71122360359817
1404.3014881513575 178.71122360359817
1404.3014881513575 178.71122360359817
1406.590529903264 179.95658253947516
1406.590529903264 179.95658253947516
1406.590529903264 179.95658253947516
1406.590529903264 179.95658253947516
1406.590529903264 179.95658253947516
1406.590529903264 179.95658253947516
1406.590529903264 179.95658253947516
1406.590529903264 179.95658253947516
1406.590529903264 179.95658253947516
1278.3029320986175 155.77165320111536
1278.3029320986175 155.77165320111536
1278.3029320986175 155.77165320111536
1278.3029320986175 155.77165320111536
1278.3029320986175 155.77165320111536
1278.3029320986175 155.77165320111536
1278.3029320986175 155.77165320111536
1278.3029320986175 155.77165320111536
1278.3029320986175 155.77165320111536
1175.779114517753 142.74270160984412
1175.779114517753 142.74270160984412
1175.779114517753 142.74270160984412
1175.779114517753 142.74270160984412
1175.779114517753 142.74270160984412
1175.779114517753 142.74270160984412
1175.779114517753 142.74270160984412
1175.779114517753 142.74270160984412
1232.067332370479 149.96298562764957
1232.067332370479 149.96298562764957
1232.067332370479 149.96298562764957
1232.067332370479 149.96298562764957
1232.067332370479 149.96298562764957
1232.067332370479 149.96298562764957
1232.067332370479 149.96298562764957
1232.067332370479 149.96298562764957
1232.067332370479 149.96298562764957
1535.3458959302375 49.95358114450853
1535.3458959302375 49.95358114450853
1535.3458959302375 49.95358114450853
1535.3458959302375 49.95358114450853
1535.3458959302375 49.95358114450853
1535.3458959302375 49.95358114450853
1535.3458959302375 49.95358114450853
1535.3458959302375 49.95358114450853
1535.3458959302375 49.95358114450853
1032.1086574247058 86.88297733929522
1032.1086574247058 86.88297733929522
1032.1086574247058 86.88297733929522
1032.1086574247058 86.88297733929522
1032.1086574247058 86.88297733929522
1032.1086574247058 86.88297733929522
1032.1086574247058 86.88297733929522
1032.1086574247058 86.88297733929522
1032.1086574247058 86.88297733929522
1055.7513082302448 119.67163442096756
1055.7513082302448 119.67163442096756
1055.7513082302448 119.67163442096756
1055.7513082302448 119.67163442096756
1055.7513082302448 119.67163442096756
1055.7513082302448 119.67163442096756
1055.7513082302448 119.67163442096756
1055.7513082302448 119.67163442096756
1117.9165049156659 137.53031964765748
1117.9165049156659 137.53031964765748
1117.9165049156659 137.53031964765748
1117.9165049156659 137.53031964765748
1117.9165049156659 137.53031964765748
1117.9165049156659 137.53031964765748
1117.9165049156659 137.53031964765748
1117.9165049156659 137.53031964765748
962.734091762144 123.79770347681836
962.734091762144 123.79770347681836
962.734091762144 123.79770347681836
962.734091762144 123.79770347681836
962.734091762144 123.79770347681836
962.734091762144 123.79770347681836
962.734091762144 123.79770347681836
962.734091762144 123.79770347681836
1001.2364603339047 127.45476618678202
1001.2364603339047 127.45476618678202
1001.2364603339047 127.45476618678202
1001.2364603339047 127.45476618678202
1001.2364603339047 127.45476618678202
1001.2364603339047 127.45476618678202
1001.2364603339047 127.45476618678202
1001.2364603339047 127.45476618678202
1001.2364603339047 127.45476618678202
1170.6163639902823 144.19906707140169
1170.6163639902823 144.19906707140169
1170.6163639902823 144.19906707140169
1170.6163639902823 144.19906707140169
1170.6163639902823 144.19906707140169
1170.6163639902823 144.19906707140169
1170.6163639902823 144.19906707140169
1170.6163639902823 144.19906707140169
1170.6163639902823 144.19906707140169
1261.9685913840465 155.7436331356835
1261.9685913840465 155.7436331356835
1261.9685913840465 155.7436331356835
1261.9685913840465 155.7436331356835
1261.9685913840465 155.7436331356835
1261.9685913840465 155.7436331356835
1261.9685913840465 155.7436331356835
1261.9685913840465 155.7436331356835
1261.9685913840465 155.7436331356835
1319.9567572725853 164.28093046433673
1319.9567572725853 164.28093046433673
1319.9567572725853 164.28093046433673
1319.9567572725853 164.28093046433673
1319.9567572725853 164.28093046433673
1319.9567572725853 164.28093046433673
1319.9567572725853 164.28093046433673
1319.9567572725853 164.28093046433673
1347.6293674751162 168.56549866693484
1347.6293674751162 168.56549866693484
1347.6293674751162 168.56549866693484
1347.6293674751162 168.56549866693484
1347.6293674751162 168.56549866693484
1347.6293674751162 168.56549866693484
1347.6293674751162 168.56549866693484
1347.6293674751162 168.56549866693484
1347.6293674751162 168.56549866693484
1369.934829639326 172.4875512207161
1369.934829639326 172.4875512207161
1369.934829639326 172.4875512207161
1369.934829639326 172.4875512207161
1369.934829639326 172.4875512207161
1369.934829639326 172.4875512207161
1369.934829639326 172.4875512207161
1369.934829639326 172.4875512207161
1369.934829639326 172.4875512207161
1357.7241886244196 169.6252037691215
1357.7241886244196 169.6252037691215
1357.7241886244196 169.6252037691215
1357.7241886244196 169.6252037691215
1357.7241886244196 169.6252037691215
1357.7241886244196 169.6252037691215
1357.7241886244196 169.6252037691215
1357.7241886244196 169.6252037691215
1357.7241886244196 169.6252037691215
1317.9724270081879 162.19984808025802
1317.9724270081879 162.19984808025802
1317.9724270081879 162.19984808025802
1317.9724270081879 162.19984808025802
1317.9724270081879 162.19984808025802
1317.9724270081879 162.19984808025802
1317.9724270081879 162.19984808025802
1317.9724270081879 162.19984808025802
1280.1488792310358 157.41612556080761
1280.1488792310358 157.41612556080761
1280.1488792310358 157.41612556080761
1280.1488792310358 157.41612556080761
1280.1488792310358 157.41612556080761
1280.1488792310358 157.41612556080761
1280.1488792310358 157.41612556080761
1280.1488792310358 157.41612556080761
1280.1488792310358 157.41612556080761
1310.4755638728063 161.85008140196993
1310.4755638728063 161.85008140196993
1310.4755638728063 161.85008140196993
1310.4755638728063 161.85008140196993
1310.4755638728063 161.85008140196993
1310.4755638728063 161.85008140196993
1310.4755638728063 161.85008140196993
1310.4755638728063 161.85008140196993
1330.5398243341126 164.98706511407033
1330.5398243341126 164.98706511407033
1330.5398243341126 164.98706511407033
1330.5398243341126 164.98706511407033
1330.5398243341126 164.98706511407033
1330.5398243341126 164.98706511407033
1330.5398243341126 164.98706511407033
1330.5398243341126 164.98706511407033
1330.5398243341126 164.98706511407033
1301.959400558911 159.70038302669195
1301.959400558911 159.70038302669195
1301.959400558911 159.70038302669195
1301.959400558911 159.70038302669195
1301.959400558911 159.70038302669195
1301.959400558911 159.70038302669195
1301.959400558911 159.70038302669195
1301.959400558911 159.70038302669195
1247.9493256506623 151.55864280952645
1247.9493256506623 151.55864280952645
1247.9493256506623 151.55864280952645
1247.9493256506623 151.55864280952645
1247.9493256506623 151.55864280952645
1247.9493256506623 151.55864280952645
1247.9493256506623 151.55864280952645
1247.9493256506623 151.55864280952645
1247.9493256506623 151.55864280952645
1252.1707128147816 152.013639811675
1252.1707128147816 152.013639811675
1252.1707128147816 152.013639811675
1252.1707128147816 152.013639811675
1252.1707128147816 152.013639811675
1252.1707128147816 152.013639811675
1252.1707128147816 152.013639811675
1252.1707128147816 152.013639811675
1252.1707128147816 152.013639811675
1273.9459580614741 155.09898980904413
1273.9459580614741 155.09898980904413
1273.9459580614741 155.09898980904413
1273.9459580614741 155.09898980904413
1273.9459580614741 155.09898980904413
1273.9459580614741 155.09898980904413
1273.9459580614741 155.09898980904413
1273.9459580614741 155.09898980904413
1273.9459580614741 155.09898980904413
1289.319151885858 157.37270064984912
1289.319151885858 157.37270064984912
1289.319151885858 157.37270064984912
1289.319151885858 157.37270064984912
1289.319151885858 157.37270064984912
1289.319151885858 157.37270064984912
1289.319151885858 157.37270064984912
1289.319151885858 157.37270064984912
1289.319151885858 157.37270064984912
1264.2026175473732 153.89817210126546
1264.2026175473732 153.89817210126546
1264.2026175473732 153.89817210126546
1264.2026175473732 153.89817210126546
1264.2026175473732 153.89817210126546
1264.2026175473732 153.89817210126546
1264.2026175473732 153.89817210126546
1264.2026175473732 153.89817210126546
1209.5765896498413 147.03712000925742
1209.5765896498413 147.03712000925742
1209.5765896498413 147.03712000925742
1209.5765896498413 147.03712000925742
1209.5765896498413 147.03712000925742
1209.5765896498413 147.03712000925742
1209.5765896498413 147.03712000925742
1209.5765896498413 147.03712000925742
1209.5765896498413 147.03712000925742
1183.3980389677506 144.0583089717801
1183.3980389677506 144.0583089717801
1183.3980389677506 144.0583089717801
1183.3980389677506 144.0583089717801
1183.3980389677506 144.0583089717801
1183.3980389677506 144.0583089717801
1183.3980389677506 144.0583089717801
1183.3980389677506 144.0583089717801
1722.6722211427455 430.8636474523056
1722.6722211427455 430.8636474523056
1722.6722211427455 430.8636474523056
1722.6722211427455 430.8636474523056
1722.6722211427455 430.8636474523056
1722.6722211427455 430.8636474523056
1722.6722211427455 430.8636474523056
1722.6722211427455 430.8636474523056
1636.6037192110844 269.71697883840267
1636.6037192110844 269.71697883840267
1636.6037192110844 269.71697883840267
1636.6037192110844 269.71697883840267
1636.6037192110844 269.71697883840267
1636.6037192110844 269.71697883840267
1636.6037192110844 269.71697883840267
1636.6037192110844 269.71697883840267
1636.6037192110844 269.71697883840267
1473.8384486953266 199.43164082844282
1473.8384486953266 199.43164082844282
1473.8384486953266 199.43164082844282
1473.8384486953266 199.43164082844282
1473.8384486953266 199.43164082844282
1473.8384486953266 199.43164082844282
1473.8384486953266 199.43164082844282
1473.8384486953266 199.43164082844282
