104.84432716206638 214.26576038515606
104.84432716206638 214.26576038515606
104.84432716206638 214.26576038515606
104.84432716206638 214.26576038515606
104.84432716206638 214.26576038515606
104.84432716206638 214.26576038515606
104.84432716206638 214.26576038515606
104.84432716206638 214.26576038515606
104.84432716206638 214.26576038515606
104.84432716206638 214.26576038515606
117.12515807325039 207.54967730638447
117.12515807325039 207.54967730638447
117.12515807325039 207.54967730638447
117.12515807325039 207.54967730638447
117.12515807325039 207.54967730638447
117.12515807325039 207.54967730638447
117.12515807325039 207.54967730638447
117.12515807325039 207.54967730638447
117.12515807325039 207.54967730638447
117.12515807325039 207.54967730638447
117.12515807325039 207.54967730638447
171.7892373596642 191.6461279274571
171.7892373596642 191.6461279274571
171.7892373596642 191.6461279274571
171.7892373596642 191.6461279274571
171.7892373596642 191.6461279274571
171.7892373596642 191.6461279274571
171.7892373596642 191.6461279274571
171.7892373596642 191.6461279274571
171.7892373596642 191.6461279274571
171.7892373596642 191.6461279274571
171.7892373596642 191.6461279274571
290.3591137776626 159.44468872431077
290.3591137776626 159.44468872431077
290.3591137776626 159.44468872431077
290.3591137776626 159.44468872431077
290.3591137776626 159.44468872431077
290.3591137776626 159.44468872431077
290.3591137776626 159.44468872431077
290.3591137776626 159.44468872431077
290.3591137776626 159.44468872431077
290.3591137776626 159.44468872431077
290.3591137776626 159.44468872431077
400.9527510874898 134.2302203747323
400.9527510874898 134.2302203747323
400.9527510874898 134.2302203747323
400.9527510874898 134.2302203747323
400.9527510874898 134.2302203747323
400.9527510874898 134.2302203747323
400.9527510874898 134.2302203747323
400.9527510874898 134.2302203747323
400.9527510874898 134.2302203747323
400.9527510874898 134.2302203747323
400.9527510874898 134.2302203747323
400.9527510874898 134.2302203747323
467.55102666835 121.13778064065525
467.55102666835 121.13778064065525
467.55102666835 121.13778064065525
467.55102666835 121.13778064065525
467.55102666835 121.13778064065525
467.55102666835 121.13778064065525
467.55102666835 121.13778064065525
467.55102666835 121.13778064065525
467.55102666835 121.13778064065525
467.55102666835 121.13778064065525
467.55102666835 121.13778064065525
477.87695991729174 121.75481208032457
477.87695991729174 121.75481208032457
477.87695991729174 121.75481208032457
477.87695991729174 121.75481208032457
477.87695991729174 121.75481208032457
477.87695991729174 121.75481208032457
477.87695991729174 121.75481208032457
477.87695991729174 121.75481208032457
477.87695991729174 121.75481208032457
477.87695991729174 121.75481208032457
477.87695991729174 121.75481208032457
500.69422058885243 117.90438268285152
500.69422058885243 117.90438268285152
500.69422058885243 117.90438268285152
500.69422058885243 117.90438268285152
500.69422058885243 117.90438268285152
500.69422058885243 117.90438268285152
500.69422058885243 117.90438268285152
500.69422058885243 117.90438268285152
500.69422058885243 117.90438268285152
500.69422058885243 117.90438268285152
500.69422058885243 117.90438268285152
500.69422058885243 117.90438268285152
511.49848507865875 113.7623166904599
511.49848507865875 113.7623166904599
511.49848507865875 113.7623166904599
511.49848507865875 113.7623166904599
511.49848507865875 113.7623166904599
511.49848507865875 113.7623166904599
511.49848507865875 113.7623166904599
511.49848507865875 113.7623166904599
511.49848507865875 113.7623166904599
511.49848507865875 113.7623166904599
511.49848507865875 113.7623166904599
550.0201961977446 106.445797490785
550.0201961977446 106.445797490785
550.0201961977446 106.445797490785
550.0201961977446 106.445797490785
550.0201961977446 106.445797490785
550.0201961977446 106.445797490785
550.0201961977446 106.445797490785
550.0201961977446 106.445797490785
550.0201961977446 106.445797490785
550.0201961977446 106.445797490785
550.0201961977446 106.445797490785
557.2417128365512 102.45710546977529
557.2417128365512 102.45710546977529
557.2417128365512 102.45710546977529
557.2417128365512 102.45710546977529
557.2417128365512 102.45710546977529
557.2417128365512 102.45710546977529
557.2417128365512 102.45710546977529
557.2417128365512 102.45710546977529
557.2417128365512 102.45710546977529
557.2417128365512 102.45710546977529
557.2417128365512 102.45710546977529
557.2417128365512 102.45710546977529
551.5433148650808 104.24747080323559
551.5433148650808 104.24747080323559
551.5433148650808 104.24747080323559
551.5433148650808 104.24747080323559
551.5433148650808 104.24747080323559
551.5433148650808 104.24747080323559
551.5433148650808 104.24747080323559
551.5433148650808 104.24747080323559
551.5433148650808 104.24747080323559
551.5433148650808 104.24747080323559
551.5433148650808 104.24747080323559
524.8600624548582 113.96420293629583
524.8600624548582 113.96420293629583
524.8600624548582 113.96420293629583
524.8600624548582 113.96420293629583
524.8600624548582 113.96420293629583
524.8600624548582 113.96420293629583
524.8600624548582 113.96420293629583
524.8600624548582 113.96420293629583
524.8600624548582 113.96420293629583
524.8600624548582 113.96420293629583
524.8600624548582 113.96420293629583
524.8600624548582 113.96420293629583
540.5054279379012 114.11943266663485
540.5054279379012 114.11943266663485
540.5054279379012 114.11943266663485
540.5054279379012 114.11943266663485
540.5054279379012 114.11943266663485
540.5054279379012 114.11943266663485
540.5054279379012 114.11943266663485
540.5054279379012 114.11943266663485
540.5054279379012 114.11943266663485
540.5054279379012 114.11943266663485
540.5054279379012 114.11943266663485
540.5054279379012 114.11943266663485
556.6123813542384 109.41960239011127
556.6123813542384 109.41960239011127
556.6123813542384 109.41960239011127
556.6123813542384 109.41960239011127
556.6123813542384 109.41960239011127
556.6123813542384 109.41960239011127
556.6123813542384 109.41960239011127
556.6123813542384 109.41960239011127
556.6123813542384 109.41960239011127
556.6123813542384 109.41960239011127
556.6123813542384 109.41960239011127
555.5176133500521 113.10501863470896
555.5176133500521 113.10501863470896
555.5176133500521 113.10501863470896
555.5176133500521 113.10501863470896
555.5176133500521 113.10501863470896
555.5176133500521 113.10501863470896
555.5176133500521 113.10501863470896
555.5176133500521 113.10501863470896
555.5176133500521 113.10501863470896
555.5176133500521 113.10501863470896
555.5176133500521 113.10501863470896
555.5176133500521 113.10501863470896
570.9900689046444 110.4499346356082
570.9900689046444 110.4499346356082
570.9900689046444 110.4499346356082
570.9900689046444 110.4499346356082
570.9900689046444 110.4499346356082
570.9900689046444 110.4499346356082
570.9900689046444 110.4499346356082
570.9900689046444 110.4499346356082
570.9900689046444 110.4499346356082
570.9900689046444 110.4499346356082
596.4393115593058 108.85293960005697
596.4393115593058 108.85293960005697
596.4393115593058 108.85293960005697
596.4393115593058 108.85293960005697
596.4393115593058 108.85293960005697
596.4393115593058 108.85293960005697
596.4393115593058 108.85293960005697
596.4393115593058 108.85293960005697
596.4393115593058 108.85293960005697
596.4393115593058 108.85293960005697
596.4393115593058 108.85293960005697
596.4393115593058 108.85293960005697
595.7212390082738 108.74843283178694
595.7212390082738 108.74843283178694
595.7212390082738 108.74843283178694
595.7212390082738 108.74843283178694
595.7212390082738 108.74843283178694
595.7212390082738 108.74843283178694
595.7212390082738 108.74843283178694
595.7212390082738 108.74843283178694
595.7212390082738 108.74843283178694
595.7212390082738 108.74843283178694
595.7212390082738 108.74843283178694
595.7212390082738 108.74843283178694
628.456920206868 105.94463149357813
628.456920206868 105.94463149357813
628.456920206868 105.94463149357813
628.456920206868 105.94463149357813
628.456920206868 105.94463149357813
628.456920206868 105.94463149357813
628.456920206868 105.94463149357813
628.456920206868 105.94463149357813
628.456920206868 105.94463149357813
628.456920206868 105.94463149357813
628.456920206868 105.94463149357813
616.8715492382983 104.90972150823211
616.8715492382983 104.90972150823211
616.8715492382983 104.90972150823211
616.8715492382983 104.90972150823211
616.8715492382983 104.90972150823211
616.8715492382983 104.90972150823211
616.8715492382983 104.90972150823211
616.8715492382983 104.90972150823211
616.8715492382983 104.90972150823211
616.8715492382983 104.90972150823211
636.0874314628336 105.8850240199184
636.0874314628336 105.8850240199184
636.0874314628336 105.8850240199184
636.0874314628336 105.8850240199184
636.0874314628336 105.8850240199184
636.0874314628336 105.8850240199184
636.0874314628336 105.8850240199184
636.0874314628336 105.8850240199184
636.0874314628336 105.8850240199184
636.0874314628336 105.8850240199184
636.0874314628336 105.8850240199184
668.3773933760485 104.04792067363675
668.3773933760485 104.04792067363675
668.3773933760485 104.04792067363675
668.3773933760485 104.04792067363675
668.3773933760485 104.04792067363675
668.3773933760485 104.04792067363675
668.3773933760485 104.04792067363675
668.3773933760485 104.04792067363675
668.3773933760485 104.04792067363675
668.3773933760485 104.04792067363675
668.3773933760485 104.04792067363675
668.3773933760485 104.04792067363675
654.7579020257319 109.01095733996627
654.7579020257319 109.01095733996627
654.7579020257319 109.01095733996627
654.7579020257319 109.01095733996627
654.7579020257319 109.01095733996627
654.7579020257319 109.01095733996627
654.7579020257319 109.01095733996627
654.7579020257319 109.01095733996627
654.7579020257319 109.01095733996627
654.7579020257319 109.01095733996627
654.7579020257319 109.01095733996627
619.7316402200579 112.47312435536872
619.7316402200579 112.47312435536872
619.7316402200579 112.47312435536872
619.7316402200579 112.47312435536872
619.7316402200579 112.47312435536872
619.7316402200579 112.47312435536872
619.7316402200579 112.47312435536872
619.7316402200579 112.47312435536872
619.7316402200579 112.47312435536872
619.7316402200579 112.47312435536872
619.7316402200579 112.47312435536872
605.1585433138031 112.70658861131616
605.1585433138031 112.70658861131616
605.1585433138031 112.70658861131616
605.1585433138031 112.70658861131616
605.1585433138031 112.70658861131616
605.1585433138031 112.70658861131616
605.1585433138031 112.70658861131616
605.1585433138031 112.70658861131616
605.1585433138031 112.70658861131616
605.1585433138031 112.70658861131616
605.1585433138031 112.70658861131616
605.1585433138031 112.70658861131616
605.1585433138031 112.70658861131616
605.1585433138031 112.70658861131616
599.2167426387176 112.06281821281837
599.2167426387176 112.06281821281837
599.2167426387176 112.06281821281837
599.2167426387176 112.06281821281837
599.2167426387176 112.06281821281837
599.2167426387176 112.06281821281837
599.2167426387176 112.06281821281837
599.2167426387176 112.06281821281837
599.2167426387176 112.06281821281837
599.2167426387176 112.06281821281837
599.2167426387176 112.06281821281837
599.2167426387176 112.06281821281837
599.2167426387176 112.06281821281837
599.2167426387176 112.06281821281837
599.2167426387176 112.06281821281837
599.2167426387176 112.06281821281837
599.2167426387176 112.06281821281837
625.605588055474 107.46307122412418
625.605588055474 107.46307122412418
625.605588055474 107.46307122412418
625.605588055474 107.46307122412418
625.605588055474 107.46307122412418
625.605588055474 107.46307122412418
625.605588055474 107.46307122412418
625.605588055474 107.46307122412418
625.605588055474 107.46307122412418
625.605588055474 107.46307122412418
625.605588055474 107.46307122412418
625.605588055474 107.46307122412418
625.605588055474 107.46307122412418
608.811568369819 108.75080728034393
608.811568369819 108.75080728034393
608.811568369819 108.75080728034393
608.811568369819 108.75080728034393
608.811568369819 108.75080728034393
608.811568369819 108.75080728034393
608.811568369819 108.75080728034393
608.811568369819 108.75080728034393
608.811568369819 108.75080728034393
608.811568369819 108.75080728034393
608.811568369819 108.75080728034393
608.811568369819 108.75080728034393
595.184711243999 109.89936893425815
595.184711243999 109.89936893425815
595.184711243999 109.89936893425815
595.184711243999 109.89936893425815
595.184711243999 109.89936893425815
595.184711243999 109.89936893425815
595.184711243999 109.89936893425815
595.184711243999 109.89936893425815
595.184711243999 109.89936893425815
595.184711243999 109.89936893425815
595.184711243999 109.89936893425815
595.184711243999 109.89936893425815
615.9727253973174 106.31945299899476
615.9727253973174 106.31945299899476
615.9727253973174 106.31945299899476
615.9727253973174 106.31945299899476
615.9727253973174 106.31945299899476
615.9727253973174 106.31945299899476
615.9727253973174 106.31945299899476
615.9727253973174 106.31945299899476
615.9727253973174 106.31945299899476
615.9727253973174 106.31945299899476
615.9727253973174 106.31945299899476
615.9727253973174 106.31945299899476
659.4332615418742 107.22678108748605
659.4332615418742 107.22678108748605
659.4332615418742 107.22678108748605
659.4332615418742 107.22678108748605
659.4332615418742 107.22678108748605
659.4332615418742 107.22678108748605
659.4332615418742 107.22678108748605
659.4332615418742 107.22678108748605
659.4332615418742 107.22678108748605
659.4332615418742 107.22678108748605
659.4332615418742 107.22678108748605
659.4332615418742 107.22678108748605
627.0948777929038 112.79923259992611
627.0948777929038 112.79923259992611
627.0948777929038 112.79923259992611
627.0948777929038 112.79923259992611
627.0948777929038 112.79923259992611
627.0948777929038 112.79923259992611
627.0948777929038 112.79923259992611
627.0948777929038 112.79923259992611
627.0948777929038 112.79923259992611
627.0948777929038 112.79923259992611
627.0948777929038 112.79923259992611
587.2652970127367 122.11567988881663
587.2652970127367 122.11567988881663
587.2652970127367 122.11567988881663
587.2652970127367 122.11567988881663
587.2652970127367 122.11567988881663
587.2652970127367 122.11567988881663
587.2652970127367 122.11567988881663
587.2652970127367 122.11567988881663
587.2652970127367 122.11567988881663
587.2652970127367 122.11567988881663
587.2652970127367 122.11567988881663
587.2652970127367 122.11567988881663
636.5939548406074 116.15699004772657
636.5939548406074 116.15699004772657
636.5939548406074 116.15699004772657
636.5939548406074 116.15699004772657
636.5939548406074 116.15699004772657
636.5939548406074 116.15699004772657
636.5939548406074 116.15699004772657
636.5939548406074 116.15699004772657
636.5939548406074 116.15699004772657
636.5939548406074 116.15699004772657
636.5939548406074 116.15699004772657
553.1090193498724 128.67453847437713
553.1090193498724 128.67453847437713
553.1090193498724 128.67453847437713
553.1090193498724 128.67453847437713
553.1090193498724 128.67453847437713
553.1090193498724 128.67453847437713
553.1090193498724 128.67453847437713
553.1090193498724 128.67453847437713
553.1090193498724 128.67453847437713
553.1090193498724 128.67453847437713
553.1090193498724 128.67453847437713
547.0289315443487 130.35476915756854
547.0289315443487 130.35476915756854
547.0289315443487 130.35476915756854
547.0289315443487 130.35476915756854
547.0289315443487 130.35476915756854
547.0289315443487 130.35476915756854
547.0289315443487 130.35476915756854
547.0289315443487 130.35476915756854
547.0289315443487 130.35476915756854
547.0289315443487 130.35476915756854
547.0289315443487 130.35476915756854
547.0289315443487 130.35476915756854
524.5001761258105 132.9919220026477
524.5001761258105 132.9919220026477
524.5001761258105 132.9919220026477
524.5001761258105 132.9919220026477
524.5001761258105 132.9919220026477
524.5001761258105 132.9919220026477
524.5001761258105 132.9919220026477
524.5001761258105 132.9919220026477
524.5001761258105 132.9919220026477
524.5001761258105 132.9919220026477
524.5001761258105 132.9919220026477
560.1793946943891 127.15384486316489
560.1793946943891 127.15384486316489
560.1793946943891 127.15384486316489
560.1793946943891 127.15384486316489
560.1793946943891 127.15384486316489
560.1793946943891 127.15384486316489
560.1793946943891 127.15384486316489
560.1793946943891 127.15384486316489
560.1793946943891 127.15384486316489
560.1793946943891 127.15384486316489
560.1793946943891 127.15384486316489
556.246000038691 127.99248335677035
556.246000038691 127.99248335677035
556.246000038691 127.99248335677035
556.246000038691 127.99248335677035
556.246000038691 127.99248335677035
556.246000038691 127.99248335677035
556.246000038691 127.99248335677035
556.246000038691 127.99248335677035
556.246000038691 127.99248335677035
556.246000038691 127.99248335677035
556.246000038691 127.99248335677035
536.1385035357656 131.46490929159393
536.1385035357656 131.46490929159393
536.1385035357656 131.46490929159393
536.1385035357656 131.46490929159393
536.1385035357656 131.46490929159393
536.1385035357656 131.46490929159393
536.1385035357656 131.46490929159393
536.1385035357656 131.46490929159393
536.1385035357656 131.46490929159393
536.1385035357656 131.46490929159393
536.1385035357656 131.46490929159393
568.9415891203591 125.19941333727138
568.9415891203591 125.19941333727138
568.9415891203591 125.19941333727138
568.9415891203591 125.19941333727138
568.9415891203591 125.19941333727138
568.9415891203591 125.19941333727138
568.9415891203591 125.19941333727138
568.9415891203591 125.19941333727138
568.9415891203591 125.19941333727138
568.9415891203591 125.19941333727138
568.9415891203591 125.19941333727138
568.9415891203591 125.19941333727138
535.4075514991199 130.15099798099814
535.4075514991199 130.15099798099814
535.4075514991199 130.15099798099814
535.4075514991199 130.15099798099814
535.4075514991199 130.15099798099814
535.4075514991199 130.15099798099814
535.4075514991199 130.15099798099814
535.4075514991199 130.15099798099814
535.4075514991199 130.15099798099814
535.4075514991199 130.15099798099814
544.7193275536561 129.44972418230617
544.7193275536561 129.44972418230617
544.7193275536561 129.44972418230617
544.7193275536561 129.44972418230617
544.7193275536561 129.44972418230617
544.7193275536561 129.44972418230617
544.7193275536561 129.44972418230617
544.7193275536561 129.44972418230617
544.7193275536561 129.44972418230617
544.7193275536561 129.44972418230617
544.7193275536561 129.44972418230617
532.8087293169546 130.6504694256011
532.8087293169546 130.6504694256011
532.8087293169546 130.6504694256011
532.8087293169546 130.6504694256011
532.8087293169546 130.6504694256011
532.8087293169546 130.6504694256011
532.8087293169546 130.6504694256011
532.8087293169546 130.6504694256011
532.8087293169546 130.6504694256011
532.8087293169546 130.6504694256011
532.8087293169546 130.6504694256011
528.0370290664968 129.95921269341304
528.0370290664968 129.95921269341304
528.0370290664968 129.95921269341304
528.0370290664968 129.95921269341304
528.0370290664968 129.95921269341304
528.0370290664968 129.95921269341304
528.0370290664968 129.95921269341304
528.0370290664968 129.95921269341304
528.0370290664968 129.95921269341304
528.0370290664968 129.95921269341304
528.0370290664968 129.95921269341304
528.0370290664968 129.95921269341304
503.1076081807589 133.279384545424
503.1076081807589 133.279384545424
503.1076081807589 133.279384545424
503.1076081807589 133.279384545424
503.1076081807589 133.279384545424
503.1076081807589 133.279384545424
503.1076081807589 133.279384545424
503.1076081807589 133.279384545424
503.1076081807589 133.279384545424
503.1076081807589 133.279384545424
550.9280213933362 125.63795270775972
550.9280213933362 125.63795270775972
550.9280213933362 125.63795270775972
550.9280213933362 125.63795270775972
550.9280213933362 125.63795270775972
550.9280213933362 125.63795270775972
550.9280213933362 125.63795270775972
550.9280213933362 125.63795270775972
550.9280213933362 125.63795270775972
550.9280213933362 125.63795270775972
550.9280213933362 125.63795270775972
536.0219146957428 127.86451458011342
536.0219146957428 127.86451458011342
536.0219146957428 127.86451458011342
536.0219146957428 127.86451458011342
536.0219146957428 127.86451458011342
536.0219146957428 127.86451458011342
536.0219146957428 127.86451458011342
536.0219146957428 127.86451458011342
536.0219146957428 127.86451458011342
536.0219146957428 127.86451458011342
536.0219146957428 127.86451458011342
536.0219146957428 127.86451458011342
490.73227674153395 134.3946543078585
490.73227674153395 134.3946543078585
490.73227674153395 134.3946543078585
490.73227674153395 134.3946543078585
490.73227674153395 134.3946543078585
490.73227674153395 134.3946543078585
490.73227674153395 134.3946543078585
490.73227674153395 134.3946543078585
490.73227674153395 134.3946543078585
490.73227674153395 134.3946543078585
490.73227674153395 134.3946543078585
535.0319874392521 127.55460490193519
535.0319874392521 127.55460490193519
535.0319874392521 127.55460490193519
535.0319874392521 127.55460490193519
535.0319874392521 127.55460490193519
535.0319874392521 127.55460490193519
535.0319874392521 127.55460490193519
535.0319874392521 127.55460490193519
535.0319874392521 127.55460490193519
535.0319874392521 127.55460490193519
535.0319874392521 127.55460490193519
525.0674666264553 128.65040209839512
525.0674666264553 128.65040209839512
525.0674666264553 128.65040209839512
525.0674666264553 128.65040209839512
525.0674666264553 128.65040209839512
525.0674666264553 128.65040209839512
525.0674666264553 128.65040209839512
525.0674666264553 128.65040209839512
525.0674666264553 128.65040209839512
525.0674666264553 128.65040209839512
525.0674666264553 128.65040209839512
512.7835938680944 127.27485437056174
512.7835938680944 127.27485437056174
512.7835938680944 127.27485437056174
512.7835938680944 127.27485437056174
512.7835938680944 127.27485437056174
512.7835938680944 127.27485437056174
512.7835938680944 127.27485437056174
512.7835938680944 127.27485437056174
512.7835938680944 127.27485437056174
512.7835938680944 127.27485437056174
512.7835938680944 127.27485437056174
504.7523430639735 127.63825345621228
504.7523430639735 127.63825345621228
504.7523430639735 127.63825345621228
504.7523430639735 127.63825345621228
504.7523430639735 127.63825345621228
504.7523430639735 127.63825345621228
504.7523430639735 127.63825345621228
504.7523430639735 127.63825345621228
504.7523430639735 127.63825345621228
504.7523430639735 127.63825345621228
504.7523430639735 127.63825345621228
511.1345230928134 128.3794063938836
511.1345230928134 128.3794063938836
511.1345230928134 128.3794063938836
511.1345230928134 128.3794063938836
511.1345230928134 128.3794063938836
511.1345230928134 128.3794063938836
511.1345230928134 128.3794063938836
511.1345230928134 128.3794063938836
511.1345230928134 128.3794063938836
511.1345230928134 128.3794063938836
498.07418962347504 128.63066153279337
498.07418962347504 128.63066153279337
498.07418962347504 128.63066153279337
498.07418962347504 128.63066153279337
498.07418962347504 128.63066153279337
498.07418962347504 128.63066153279337
498.07418962347504 128.63066153279337
498.07418962347504 128.63066153279337
498.07418962347504 128.63066153279337
498.07418962347504 128.63066153279337
498.07418962347504 128.63066153279337
498.07418962347504 128.63066153279337
267.7971989709135 167.9659892021425
267.7971989709135 167.9659892021425
267.7971989709135 167.9659892021425
267.7971989709135 167.9659892021425
267.7971989709135 167.9659892021425
267.7971989709135 167.9659892021425
267.7971989709135 167.9659892021425
267.7971989709135 167.9659892021425
267.7971989709135 167.9659892021425
267.7971989709135 167.9659892021425
267.7971989709135 167.9659892021425
90.52543367907299 218.20591473397712
90.52543367907299 218.20591473397712
90.52543367907299 218.20591473397712
90.52543367907299 218.20591473397712
90.52543367907299 218.20591473397712
90.52543367907299 218.20591473397712
90.52543367907299 218.20591473397712
90.52543367907299 218.20591473397712
90.52543367907299 218.20591473397712
90.52543367907299 218.20591473397712
-35.086765943363886 269.096600371277
-35.086765943363886 269.096600371277
-35.086765943363886 269.096600371277
-35.086765943363886 269.096600371277
-35.086765943363886 269.096600371277
-35.086765943363886 269.096600371277
-35.086765943363886 269.096600371277
-35.086765943363886 269.096600371277
-35.086765943363886 269.096600371277
-35.086765943363886 269.096600371277
-35.086765943363886 269.096600371277
-35.086765943363886 269.096600371277
5.373735819252495 254.9823831568724
5.373735819252495 254.9823831568724
5.373735819252495 254.9823831568724
5.373735819252495 254.9823831568724
5.373735819252495 254.9823831568724
5.373735819252495 254.9823831568724
5.373735819252495 254.9823831568724
5.373735819252495 254.9823831568724
5.373735819252495 254.9823831568724
5.373735819252495 254.9823831568724
78.52962050323683 230.96952565767924
78.52962050323683 230.96952565767924
78.52962050323683 230.96952565767924
78.52962050323683 230.96952565767924
