813.0423483296584 119.87629796678436
813.0423483296584 119.87629796678436
813.0423483296584 119.87629796678436
813.0423483296584 119.87629796678436
813.0423483296584 119.87629796678436
813.0423483296584 119.87629796678436
948.6284203803123 124.66374907295497
948.6284203803123 124.66374907295497
948.6284203803123 124.66374907295497
948.6284203803123 124.66374907295497
948.6284203803123 124.66374907295497
948.6284203803123 124.66374907295497
948.6284203803123 124.66374907295497
948.6284203803123 124.66374907295497
948.6284203803123 124.66374907295497
948.6284203803123 124.66374907295497
948.6284203803123 124.66374907295497
948.6284203803123 124.66374907295497
948.6284203803123 124.66374907295497
943.9978033024389 124.33975200318693
943.9978033024389 124.33975200318693
943.9978033024389 124.33975200318693
943.9978033024389 124.33975200318693
943.9978033024389 124.33975200318693
943.9978033024389 124.33975200318693
943.9978033024389 124.33975200318693
943.9978033024389 124.33975200318693
943.9978033024389 124.33975200318693
943.9978033024389 124.33975200318693
943.9978033024389 124.33975200318693
996.6849494437051 127.34039583197028
996.6849494437051 127.34039583197028
996.6849494437051 127.34039583197028
996.6849494437051 127.34039583197028
996.6849494437051 127.34039583197028
996.6849494437051 127.34039583197028
996.6849494437051 127.34039583197028
996.6849494437051 127.34039583197028
996.6849494437051 127.34039583197028
1168.0028832660464 142.27491835267926
1168.0028832660464 142.27491835267926
1168.0028832660464 142.27491835267926
1168.0028832660464 142.27491835267926
1168.0028832660464 142.27491835267926
1168.0028832660464 142.27491835267926
1168.0028832660464 142.27491835267926
1168.0028832660464 142.27491835267926
1168.0028832660464 142.27491835267926
1281.8950809115745 157.10139056034816
1281.8950809115745 157.10139056034816
1281.8950809115745 157.10139056034816
1281.8950809115745 157.10139056034816
1281.8950809115745 157.10139056034816
1281.8950809115745 157.10139056034816
1281.8950809115745 157.10139056034816
1281.8950809115745 157.10139056034816
1281.8950809115745 157.10139056034816
1321.4038349031996 163.46241665748929
1321.4038349031996 163.46241665748929
1321.4038349031996 163.46241665748929
1321.4038349031996 163.46241665748929
1321.4038349031996 163.46241665748929
1321.4038349031996 163.46241665748929
1321.4038349031996 163.46241665748929
1321.4038349031996 163.46241665748929
1321.4038349031996 163.46241665748929
1346.8172253276548 167.72137966116048
1346.8172253276548 167.72137966116048
1346.8172253276548 167.72137966116048
1346.8172253276548 167.72137966116048
1346.8172253276548 167.72137966116048
1346.8172253276548 167.72137966116048
1346.8172253276548 167.72137966116048
1346.8172253276548 167.72137966116048
1346.8172253276548 167.72137966116048
1359.7646511141027 170.43640307862557
1359.7646511141027 170.43640307862557
1359.7646511141027 170.43640307862557
1359.7646511141027 170.43640307862557
1359.7646511141027 170.43640307862557
1359.7646511141027 170.43640307862557
1359.7646511141027 170.43640307862557
1359.7646511141027 170.43640307862557
1359.7646511141027 170.43640307862557
1347.7199273440333 168.00987276034604
1347.7199273440333 168.00987276034604
1347.7199273440333 168.00987276034604
1347.7199273440333 168.00987276034604
1347.7199273440333 168.00987276034604
1347.7199273440333 168.00987276034604
1347.7199273440333 168.00987276034604
1347.7199273440333 168.00987276034604
1347.7199273440333 168.00987276034604
1339.1516701852074 166.12161131178257
1339.1516701852074 166.12161131178257
1339.1516701852074 166.12161131178257
1339.1516701852074 166.12161131178257
1339.1516701852074 166.12161131178257
1339.1516701852074 166.12161131178257
1339.1516701852074 166.12161131178257
1339.1516701852074 166.12161131178257
1286.0065565045668 156.12926104617193
1286.0065565045668 156.12926104617193
1286.0065565045668 156.12926104617193
1286.0065565045668 156.12926104617193
1286.0065565045668 156.12926104617193
1286.0065565045668 156.12926104617193
1286.0065565045668 156.12926104617193
1286.0065565045668 156.12926104617193
1286.0065565045668 156.12926104617193
1314.4660462648694 160.86109873631545
1314.4660462648694 160.86109873631545
1314.4660462648694 160.86109873631545
1314.4660462648694 160.86109873631545
1314.4660462648694 160.86109873631545
1314.4660462648694 160.86109873631545
1314.4660462648694 160.86109873631545
1314.4660462648694 160.86109873631545
1326.8197033869253 163.15936321912966
1326.8197033869253 163.15936321912966
1326.8197033869253 163.15936321912966
1326.8197033869253 163.15936321912966
1326.8197033869253 163.15936321912966
1326.8197033869253 163.15936321912966
1326.8197033869253 163.15936321912966
1326.8197033869253 163.15936321912966
1326.8197033869253 163.15936321912966
1323.6814143219049 162.79538600707204
1323.6814143219049 162.79538600707204
1323.6814143219049 162.79538600707204
1323.6814143219049 162.79538600707204
1323.6814143219049 162.79538600707204
1323.6814143219049 162.79538600707204
1323.6814143219049 162.79538600707204
1323.6814143219049 162.79538600707204
1323.6814143219049 162.79538600707204
1355.6591572196169 168.44364367763467
1355.6591572196169 168.44364367763467
1355.6591572196169 168.44364367763467
1355.6591572196169 168.44364367763467
1355.6591572196169 168.44364367763467
1355.6591572196169 168.44364367763467
1355.6591572196169 168.44364367763467
1355.6591572196169 168.44364367763467
1355.6591572196169 168.44364367763467
1291.9563062336565 157.58653552497506
1291.9563062336565 157.58653552497506
1291.9563062336565 157.58653552497506
1291.9563062336565 157.58653552497506
1291.9563062336565 157.58653552497506
1291.9563062336565 157.58653552497506
1291.9563062336565 157.58653552497506
1291.9563062336565 157.58653552497506
1291.9563062336565 157.58653552497506
1305.8890084391726 160.14224555471245
1305.8890084391726 160.14224555471245
1305.8890084391726 160.14224555471245
1305.8890084391726 160.14224555471245
1305.8890084391726 160.14224555471245
1305.8890084391726 160.14224555471245
1305.8890084391726 160.14224555471245
1305.8890084391726 160.14224555471245
1305.8890084391726 160.14224555471245
1290.8962965945852 157.78767588397315
1290.8962965945852 157.78767588397315
1290.8962965945852 157.78767588397315
1290.8962965945852 157.78767588397315
1290.8962965945852 157.78767588397315
1290.8962965945852 157.78767588397315
1290.8962965945852 157.78767588397315
1290.8962965945852 157.78767588397315
1290.8962965945852 157.78767588397315
1263.3884620357062 153.78065099188706
1263.3884620357062 153.78065099188706
1263.3884620357062 153.78065099188706
1263.3884620357062 153.78065099188706
1263.3884620357062 153.78065099188706
1263.3884620357062 153.78065099188706
1263.3884620357062 153.78065099188706
1263.3884620357062 153.78065099188706
1263.3884620357062 153.78065099188706
1255.2710844554538 152.40639879446277
1255.2710844554538 152.40639879446277
1255.2710844554538 152.40639879446277
1255.2710844554538 152.40639879446277
1255.2710844554538 152.40639879446277
1255.2710844554538 152.40639879446277
1255.2710844554538 152.40639879446277
1255.2710844554538 152.40639879446277
1255.2710844554538 152.40639879446277
1236.367820549009 149.99032942967824
1236.367820549009 149.99032942967824
1236.367820549009 149.99032942967824
1236.367820549009 149.99032942967824
1236.367820549009 149.99032942967824
1236.367820549009 149.99032942967824
1236.367820549009 149.99032942967824
1236.367820549009 149.99032942967824
1236.367820549009 149.99032942967824
1254.0802151849007 152.4972699083814
1254.0802151849007 152.4972699083814
1254.0802151849007 152.4972699083814
1254.0802151849007 152.4972699083814
1254.0802151849007 152.4972699083814
1254.0802151849007 152.4972699083814
1254.0802151849007 152.4972699083814
1254.0802151849007 152.4972699083814
1254.0802151849007 152.4972699083814
1242.497083092053 150.76260319643904
1242.497083092053 150.76260319643904
1242.497083092053 150.76260319643904
1242.497083092053 150.76260319643904
1242.497083092053 150.76260319643904
1242.497083092053 150.76260319643904
1242.497083092053 150.76260319643904
1242.497083092053 150.76260319643904
1242.497083092053 150.76260319643904
1216.6102743001072 147.32829994971064
1216.6102743001072 147.32829994971064
1216.6102743001072 147.32829994971064
1216.6102743001072 147.32829994971064
1216.6102743001072 147.32829994971064
1216.6102743001072 147.32829994971064
1216.6102743001072 147.32829994971064
1216.6102743001072 147.32829994971064
1216.6102743001072 147.32829994971064
1224.7561215028854 148.332671851472
1224.7561215028854 148.332671851472
1224.7561215028854 148.332671851472
1224.7561215028854 148.332671851472
1224.7561215028854 148.332671851472
1224.7561215028854 148.332671851472
1224.7561215028854 148.332671851472
1224.7561215028854 148.332671851472
1224.7561215028854 148.332671851472
1235.1364022826351 149.59323511406325
1235.1364022826351 149.59323511406325
1235.1364022826351 149.59323511406325
1235.1364022826351 149.59323511406325
1235.1364022826351 149.59323511406325
1235.1364022826351 149.59323511406325
1235.1364022826351 149.59323511406325
1235.1364022826351 149.59323511406325
1235.1364022826351 149.59323511406325
1194.3504732591673 144.9164198380867
1194.3504732591673 144.9164198380867
1194.3504732591673 144.9164198380867
1194.3504732591673 144.9164198380867
1194.3504732591673 144.9164198380867
1194.3504732591673 144.9164198380867
1194.3504732591673 144.9164198380867
1194.3504732591673 144.9164198380867
1194.3504732591673 144.9164198380867
1193.5975982551256 144.6677515836887
1193.5975982551256 144.6677515836887
1193.5975982551256 144.6677515836887
1193.5975982551256 144.6677515836887
1193.5975982551256 144.6677515836887
1193.5975982551256 144.6677515836887
1193.5975982551256 144.6677515836887
1193.5975982551256 144.6677515836887
1193.5975982551256 144.6677515836887
1186.3693794885717 143.9099349271248
1186.3693794885717 143.9099349271248
1186.3693794885717 143.9099349271248
1186.3693794885717 143.9099349271248
1186.3693794885717 143.9099349271248
1186.3693794885717 143.9099349271248
1186.3693794885717 143.9099349271248
1186.3693794885717 143.9099349271248
1186.3693794885717 143.9099349271248
1186.3693794885717 143.9099349271248
1175.1911104254718 142.86519930471204
1175.1911104254718 142.86519930471204
1175.1911104254718 142.86519930471204
1175.1911104254718 142.86519930471204
1175.1911104254718 142.86519930471204
1175.1911104254718 142.86519930471204
1175.1911104254718 142.86519930471204
1175.1911104254718 142.86519930471204
1039.8384701610116 130.34524661493325
1039.8384701610116 130.34524661493325
1039.8384701610116 130.34524661493325
1039.8384701610116 130.34524661493325
1039.8384701610116 130.34524661493325
1039.8384701610116 130.34524661493325
1039.8384701610116 130.34524661493325
1039.8384701610116 130.34524661493325
1039.8384701610116 130.34524661493325
1012.8127277756159 128.42458584616807
1012.8127277756159 128.42458584616807
1012.8127277756159 128.42458584616807
1012.8127277756159 128.42458584616807
1012.8127277756159 128.42458584616807
1012.8127277756159 128.42458584616807
1012.8127277756159 128.42458584616807
1012.8127277756159 128.42458584616807
1012.8127277756159 128.42458584616807
926.8728531725552 123.22339592653509
926.8728531725552 123.22339592653509
926.8728531725552 123.22339592653509
926.8728531725552 123.22339592653509
926.8728531725552 123.22339592653509
926.8728531725552 123.22339592653509
926.8728531725552 123.22339592653509
926.8728531725552 123.22339592653509
926.8728531725552 123.22339592653509
926.8728531725552 123.22339592653509
749.5132969717274 116.94146008212655
749.5132969717274 116.94146008212655
749.5132969717274 116.94146008212655
749.5132969717274 116.94146008212655
749.5132969717274 116.94146008212655
749.5132969717274 116.94146008212655
749.5132969717274 116.94146008212655
749.5132969717274 116.94146008212655
672.6899604992097 115.65146445991817
672.6899604992097 115.65146445991817
672.6899604992097 115.65146445991817
672.6899604992097 115.65146445991817
672.6899604992097 115.65146445991817
672.6899604992097 115.65146445991817
672.6899604992097 115.65146445991817
672.6899604992097 115.65146445991817
672.6899604992097 115.65146445991817
672.6899604992097 115.65146445991817
671.710910994585 115.30194807539158
671.710910994585 115.30194807539158
671.710910994585 115.30194807539158
671.710910994585 115.30194807539158
671.710910994585 115.30194807539158
671.710910994585 115.30194807539158
671.710910994585 115.30194807539158
671.710910994585 115.30194807539158
671.710910994585 115.30194807539158
684.6988368663862 115.6687157957304
684.6988368663862 115.6687157957304
684.6988368663862 115.6687157957304
684.6988368663862 115.6687157957304
684.6988368663862 115.6687157957304
684.6988368663862 115.6687157957304
684.6988368663862 115.6687157957304
684.6988368663862 115.6687157957304
808.6183167974173 118.31320431873374
808.6183167974173 118.31320431873374
808.6183167974173 118.31320431873374
808.6183167974173 118.31320431873374
808.6183167974173 118.31320431873374
808.6183167974173 118.31320431873374
808.6183167974173 118.31320431873374
808.6183167974173 118.31320431873374
808.6183167974173 118.31320431873374
808.6183167974173 118.31320431873374
886.3722061862334 121.25098595664468
886.3722061862334 121.25098595664468
886.3722061862334 121.25098595664468
886.3722061862334 121.25098595664468
886.3722061862334 121.25098595664468
886.3722061862334 121.25098595664468
886.3722061862334 121.25098595664468
886.3722061862334 121.25098595664468
886.3722061862334 121.25098595664468
1019.433072133859 128.8824374419558
1019.433072133859 128.8824374419558
1019.433072133859 128.8824374419558
1019.433072133859 128.8824374419558
1019.433072133859 128.8824374419558
1019.433072133859 128.8824374419558
1019.433072133859 128.8824374419558
1019.433072133859 128.8824374419558
1019.433072133859 128.8824374419558
1069.8356145453304 132.79782968506825
1069.8356145453304 132.79782968506825
1069.8356145453304 132.79782968506825
1069.8356145453304 132.79782968506825
1069.8356145453304 132.79782968506825
1069.8356145453304 132.79782968506825
1069.8356145453304 132.79782968506825
1069.8356145453304 132.79782968506825
1077.1786773673373 133.29947418409347
1077.1786773673373 133.29947418409347
1077.1786773673373 133.29947418409347
1077.1786773673373 133.29947418409347
1077.1786773673373 133.29947418409347
1077.1786773673373 133.29947418409347
1077.1786773673373 133.29947418409347
1077.1786773673373 133.29947418409347
1077.1786773673373 133.29947418409347
1087.026634865117 134.20404482083663
1087.026634865117 134.20404482083663
1087.026634865117 134.20404482083663
1087.026634865117 134.20404482083663
1087.026634865117 134.20404482083663
1087.026634865117 134.20404482083663
1087.026634865117 134.20404482083663
1087.026634865117 134.20404482083663
1087.026634865117 134.20404482083663
1087.026634865117 134.20404482083663
1049.8353634116693 131.07096046072425
1049.8353634116693 131.07096046072425
1049.8353634116693 131.07096046072425
1049.8353634116693 131.07096046072425
1049.8353634116693 131.07096046072425
1049.8353634116693 131.07096046072425
1049.8353634116693 131.07096046072425
1049.8353634116693 131.07096046072425
1049.8353634116693 131.07096046072425
979.7980992376965 126.28214485177779
979.7980992376965 126.28214485177779
979.7980992376965 126.28214485177779
979.7980992376965 126.28214485177779
979.7980992376965 126.28214485177779
979.7980992376965 126.28214485177779
979.7980992376965 126.28214485177779
979.7980992376965 126.28214485177779
979.7980992376965 126.28214485177779
960.3897490492863 125.11702039411651
960.3897490492863 125.11702039411651
960.3897490492863 125.11702039411651
960.3897490492863 125.11702039411651
960.3897490492863 125.11702039411651
960.3897490492863 125.11702039411651
960.3897490492863 125.11702039411651
960.3897490492863 125.11702039411651
960.3897490492863 125.11702039411651
1002.1978863014033 127.70053413152743
1002.1978863014033 127.70053413152743
1002.1978863014033 127.70053413152743
1002.1978863014033 127.70053413152743
1002.1978863014033 127.70053413152743
1002.1978863014033 127.70053413152743
1002.1978863014033 127.70053413152743
1002.1978863014033 127.70053413152743
1002.1978863014033 127.70053413152743
1034.547431755927 130.00492877273962
1034.547431755927 130.00492877273962
1034.547431755927 130.00492877273962
1034.547431755927 130.00492877273962
1034.547431755927 130.00492877273962
1034.547431755927 130.00492877273962
1034.547431755927 130.00492877273962
1034.547431755927 130.00492877273962
1034.547431755927 130.00492877273962
1087.3901575469056 134.1877531587238
1087.3901575469056 134.1877531587238
1087.3901575469056 134.1877531587238
1087.3901575469056 134.1877531587238
1087.3901575469056 134.1877531587238
1087.3901575469056 134.1877531587238
1087.3901575469056 134.1877531587238
1087.3901575469056 134.1877531587238
1087.3901575469056 134.1877531587238
1087.3901575469056 134.1877531587238
1030.7416738039863 129.71009664903193
1030.7416738039863 129.71009664903193
1030.7416738039863 129.71009664903193
1030.7416738039863 129.71009664903193
1030.7416738039863 129.71009664903193
1030.7416738039863 129.71009664903193
1030.7416738039863 129.71009664903193
1030.7416738039863 129.71009664903193
1005.3591729457305 127.91357091665279
1005.3591729457305 127.91357091665279
1005.3591729457305 127.91357091665279
1005.3591729457305 127.91357091665279
1005.3591729457305 127.91357091665279
1005.3591729457305 127.91357091665279
1005.3591729457305 127.91357091665279
1005.3591729457305 127.91357091665279
1005.3591729457305 127.91357091665279
1005.3591729457305 127.91357091665279
1019.2053923141123 128.88200310222004
1019.2053923141123 128.88200310222004
1019.2053923141123 128.88200310222004
1019.2053923141123 128.88200310222004
1019.2053923141123 128.88200310222004
1019.2053923141123 128.88200310222004
1019.2053923141123 128.88200310222004
1019.2053923141123 128.88200310222004
1031.7913239113734 129.80234096315658
1031.7913239113734 129.80234096315658
1031.7913239113734 129.80234096315658
1031.7913239113734 129.80234096315658
1031.7913239113734 129.80234096315658
1031.7913239113734 129.80234096315658
1031.7913239113734 129.80234096315658
1031.7913239113734 129.80234096315658
1031.7913239113734 129.80234096315658
1031.7913239113734 129.80234096315658
922.885946536328 123.0515720136674
922.885946536328 123.0515720136674
922.885946536328 123.0515720136674
922.885946536328 123.0515720136674
922.885946536328 123.0515720136674
922.885946536328 123.0515720136674
922.885946536328 123.0515720136674
922.885946536328 123.0515720136674
922.885946536328 123.0515720136674
969.5883490426583 125.61042348698331
969.5883490426583 125.61042348698331
969.5883490426583 125.61042348698331
969.5883490426583 125.61042348698331
969.5883490426583 125.61042348698331
969.5883490426583 125.61042348698331
969.5883490426583 125.61042348698331
969.5883490426583 125.61042348698331
1039.847288498577 130.39524372070173
1039.847288498577 130.39524372070173
1039.847288498577 130.39524372070173
1039.847288498577 130.39524372070173
1039.847288498577 130.39524372070173
1039.847288498577 130.39524372070173
1039.847288498577 130.39524372070173
1039.847288498577 130.39524372070173
1039.847288498577 130.39524372070173
1039.847288498577 130.39524372070173
1057.243584961675 131.74478119467958
1057.243584961675 131.74478119467958
1057.243584961675 131.74478119467958
1057.243584961675 131.74478119467958
1057.243584961675 131.74478119467958
1057.243584961675 131.74478119467958
1057.243584961675 131.74478119467958
1057.243584961675 131.74478119467958
1057.243584961675 131.74478119467958
882.720330315583 42.375118629857354
882.720330315583 42.375118629857354
882.720330315583 42.375118629857354
882.720330315583 42.375118629857354
882.720330315583 42.375118629857354
882.720330315583 42.375118629857354
882.720330315583 42.375118629857354
882.720330315583 42.375118629857354
882.720330315583 42.375118629857354
882.720330315583 42.375118629857354
428.24998998087636 68.20568415681143
428.24998998087636 68.20568415681143
428.24998998087636 68.20568415681143
428.24998998087636 68.20568415681143
428.24998998087636 68.20568415681143
428.24998998087636 68.20568415681143
428.24998998087636 68.20568415681143
428.24998998087636 68.20568415681143
264.77160800370126 85.8751656438983
264.77160800370126 85.8751656438983
264.77160800370126 85.8751656438983
264.77160800370126 85.8751656438983
264.77160800370126 85.8751656438983
264.77160800370126 85.8751656438983
264.77160800370126 85.8751656438983
264.77160800370126 85.8751656438983
264.77160800370126 85.8751656438983
264.77160800370126 85.8751656438983
461.16569058931947 97.62003891094633
461.16569058931947 97.62003891094633
461.16569058931947 97.62003891094633
461.16569058931947 97.62003891094633
461.16569058931947 97.62003891094633
461.16569058931947 97.62003891094633
461.16569058931947 97.62003891094633
461.16569058931947 97.62003891094633
461.16569058931947 97.62003891094633
653.4440446857596 107.05051161792164
653.4440446857596 107.05051161792164
653.4440446857596 107.05051161792164
653.4440446857596 107.05051161792164
653.4440446857596 107.05051161792164
653.4440446857596 107.05051161792164
653.4440446857596 107.05051161792164
653.4440446857596 107.05051161792164
772.9183881248522 113.72064456741884
772.9183881248522 113.72064456741884
772.9183881248522 113.72064456741884
772.9183881248522 113.72064456741884
772.9183881248522 113.72064456741884
772.9183881248522 113.72064456741884
772.9183881248522 113.72064456741884
772.9183881248522 113.72064456741884
772.9183881248522 113.72064456741884
772.9183881248522 113.72064456741884
842.0600578631763 117.91539665532764
842.0600578631763 117.91539665532764
842.0600578631763 117.91539665532764
842.0600578631763 117.91539665532764
842.0600578631763 117.91539665532764
842.0600578631763 117.91539665532764
842.0600578631763 117.91539665532764
842.0600578631763 117.91539665532764
847.667343641561 118.69936792416667
847.667343641561 118.69936792416667
847.667343641561 118.69936792416667
847.667343641561 118.69936792416667
847.667343641561 118.69936792416667
847.667343641561 118.69936792416667
847.667343641561 118.69936792416667
847.667343641561 118.69936792416667
847.667343641561 118.69936792416667
908.4225871227093 121.94875667424034
908.4225871227093 121.94875667424034
908.4225871227093 121.94875667424034
908.4225871227093 121.94875667424034
908.4225871227093 121.94875667424034
908.4225871227093 121.94875667424034
908.4225871227093 121.94875667424034
908.4225871227093 121.94875667424034
908.4225871227093 121.94875667424034
961.2134164772948 125.11185673502257
961.2134164772948 125.11185673502257
961.2134164772948 125.11185673502257
961.2134164772948 125.11185673502257
961.2134164772948 125.11185673502257
961.2134164772948 125.11185673502257
961.2134164772948 125.11185673502257
961.2134164772948 125.11185673502257
961.2134164772948 125.11185673502257
961.2134164772948 125.11185673502257
998.0766754002764 127.43300136788773
998.0766754002764 127.43300136788773
998.0766754002764 127.43300136788773
998.0766754002764 127.43300136788773
998.0766754002764 127.43300136788773
998.0766754002764 127.43300136788773
998.0766754002764 127.43300136788773
998.0766754002764 127.43300136788773
1021.0252743299552 128.96240064727948
1021.0252743299552 128.96240064727948
1021.0252743299552 128.96240064727948
1021.0252743299552 128.96240064727948
1021.0252743299552 128.96240064727948
1021.0252743299552 128.96240064727948
1021.0252743299552 128.96240064727948
1021.0252743299552 128.96240064727948
1021.0252743299552 128.96240064727948
1001.7096372138767 42.79207144233608
1001.7096372138767 42.79207144233608
1001.7096372138767 42.79207144233608
1001.7096372138767 42.79207144233608
1001.7096372138767 42.79207144233608
1001.7096372138767 42.79207144233608
1001.7096372138767 42.79207144233608
1001.7096372138767 42.79207144233608
1001.7096372138767 42.79207144233608
379.0628275051219 67.40799434383567
379.0628275051219 67.40799434383567
379.0628275051219 67.40799434383567
379.0628275051219 67.40799434383567
379.0628275051219 67.40799434383567
379.0628275051219 67.40799434383567
379.0628275051219 67.40799434383567
379.0628275051219 67.40799434383567
379.0628275051219 67.40799434383567
524.3745970697576 87.55585292059519
524.3745970697576 87.55585292059519
524.3745970697576 87.55585292059519
524.3745970697576 87.55585292059519
524.3745970697576 87.55585292059519
524.3745970697576 87.55585292059519
524.3745970697576 87.55585292059519
524.3745970697576 87.55585292059519
524.3745970697576 87.55585292059519
620.4705123216695 100.70847706952455
620.4705123216695 100.70847706952455
620.4705123216695 100.70847706952455
620.4705123216695 100.70847706952455
620.4705123216695 100.70847706952455
620.4705123216695 100.70847706952455
620.4705123216695 100.70847706952455
620.4705123216695 100.70847706952455
620.4705123216695 100.70847706952455
620.4705123216695 100.70847706952455
738.3639362446514 109.97171397292732
738.3639362446514 109.97171397292732
738.3639362446514 109.97171397292732
738.3639362446514 109.97171397292732
738.3639362446514 109.97171397292732
738.3639362446514 109.97171397292732
738.3639362446514 109.97171397292732
738.3639362446514 109.97171397292732
779.6084841077204 113.91850779898726
779.6084841077204 113.91850779898726
779.6084841077204 113.91850779898726
779.6084841077204 113.91850779898726
779.6084841077204 113.91850779898726
779.6084841077204 113.91850779898726
779.6084841077204 113.91850779898726
779.6084841077204 113.91850779898726
779.6084841077204 113.91850779898726
882.9248424288927 119.85604591344295
882.9248424288927 119.85604591344295
882.9248424288927 119.85604591344295
882.9248424288927 119.85604591344295
882.9248424288927 119.85604591344295
882.9248424288927 119.85604591344295
882.9248424288927 119.85604591344295
882.9248424288927 119.85604591344295
882.9248424288927 119.85604591344295
882.9248424288927 119.85604591344295
909.9126980578593 121.73234904766008
909.9126980578593 121.73234904766008
909.9126980578593 121.73234904766008
909.9126980578593 121.73234904766008
909.9126980578593 121.73234904766008
909.9126980578593 121.73234904766008
909.9126980578593 121.73234904766008
909.9126980578593 121.73234904766008
909.9126980578593 121.73234904766008
905.3070130042909 121.76829652312205
905.3070130042909 121.76829652312205
905.3070130042909 121.76829652312205
905.3070130042909 121.76829652312205
905.3070130042909 121.76829652312205
905.3070130042909 121.76829652312205
905.3070130042909 121.76829652312205
905.3070130042909 121.76829652312205
905.3070130042909 121.76829652312205
891.4850649782416 121.2604963783692
891.4850649782416 121.2604963783692
891.4850649782416 121.2604963783692
891.4850649782416 121.2604963783692
891.4850649782416 121.2604963783692
891.4850649782416 121.2604963783692
891.4850649782416 121.2604963783692
891.4850649782416 121.2604963783692
799.4095190980095 118.04052540652174
799.4095190980095 118.04052540652174
799.4095190980095 118.04052540652174
799.4095190980095 118.04052540652174
799.4095190980095 118.04052540652174
799.4095190980095 118.04052540652174
799.4095190980095 118.04052540652174
799.4095190980095 118.04052540652174
799.4095190980095 118.04052540652174
799.4095190980095 118.04052540652174
799.4095190980095 118.04052540652174
652.7153389204814 115.40889561399291
652.7153389204814 115.40889561399291
652.7153389204814 115.40889561399291
652.7153389204814 115.40889561399291
652.7153389204814 115.40889561399291
652.7153389204814 115.40889561399291
652.7153389204814 115.40889561399291
652.7153389204814 115.40889561399291
652.7153389204814 115.40889561399291
656.6917251358199 115.26227996492892
656.6917251358199 115.26227996492892
656.6917251358199 115.26227996492892
656.6917251358199 115.26227996492892
656.6917251358199 115.26227996492892
656.6917251358199 115.26227996492892
656.6917251358199 115.26227996492892
656.6917251358199 115.26227996492892
656.6917251358199 115.26227996492892
656.6917251358199 115.26227996492892
656.6917251358199 115.26227996492892
656.6917251358199 115.26227996492892
746.2532650960896 116.72947175061213
746.2532650960896 116.72947175061213
746.2532650960896 116.72947175061213
746.2532650960896 116.72947175061213
746.2532650960896 116.72947175061213
746.2532650960896 116.72947175061213
746.2532650960896 116.72947175061213
746.2532650960896 116.72947175061213
746.2532650960896 116.72947175061213
746.2532650960896 116.72947175061213
807.6723690041541 118.25676279508116
807.6723690041541 118.25676279508116
807.6723690041541 118.25676279508116
807.6723690041541 118.25676279508116
807.6723690041541 118.25676279508116
807.6723690041541 118.25676279508116
807.6723690041541 118.25676279508116
807.6723690041541 118.25676279508116
807.6723690041541 118.25676279508116
807.6723690041541 118.25676279508116
807.6723690041541 118.25676279508116
807.6723690041541 118.25676279508116
905.2713048004682 122.11172888917375
905.2713048004682 122.11172888917375
905.2713048004682 122.11172888917375
905.2713048004682 122.11172888917375
905.2713048004682 122.11172888917375
905.2713048004682 122.11172888917375
905.2713048004682 122.11172888917375
905.2713048004682 122.11172888917375
905.2713048004682 122.11172888917375
905.2713048004682 122.11172888917375
905.2713048004682 122.11172888917375
933.6871779578258 123.59506012358426
933.6871779578258 123.59506012358426
933.6871779578258 123.59506012358426
933.6871779578258 123.59506012358426
933.6871779578258 123.59506012358426
933.6871779578258 123.59506012358426
933.6871779578258 123.59506012358426
933.6871779578258 123.59506012358426
933.6871779578258 123.59506012358426
933.6871779578258 123.59506012358426
933.6871779578258 123.59506012358426
996.7773831226411 127.34422866927238
996.7773831226411 127.34422866927238
996.7773831226411 127.34422866927238
996.7773831226411 127.34422866927238
996.7773831226411 127.34422866927238
996.7773831226411 127.34422866927238
996.7773831226411 127.34422866927238
996.7773831226411 127.34422866927238
996.7773831226411 127.34422866927238
996.7773831226411 127.34422866927238
1007.3458659605258 128.0487102980203
1007.3458659605258 128.0487102980203
1007.3458659605258 128.0487102980203
1007.3458659605258 128.0487102980203
1007.3458659605258 128.0487102980203
1007.3458659605258 128.0487102980203
1007.3458659605258 128.0487102980203
1007.3458659605258 128.0487102980203
1007.3458659605258 128.0487102980203
1007.3458659605258 128.0487102980203
1007.3458659605258 128.0487102980203
1007.3458659605258 128.0487102980203
1007.3458659605258 128.0487102980203
1044.6452958727143 130.7017481868196
1044.6452958727143 130.7017481868196
1044.6452958727143 130.7017481868196
1044.6452958727143 130.7017481868196
1044.6452958727143 130.7017481868196
1044.6452958727143 130.7017481868196
1044.6452958727143 130.7017481868196
1044.6452958727143 130.7017481868196
1044.6452958727143 130.7017481868196
1035.8739108149498 130.03659760504095
1035.8739108149498 130.03659760504095
1035.8739108149498 130.03659760504095
1035.8739108149498 130.03659760504095
1035.8739108149498 130.03659760504095
1035.8739108149498 130.03659760504095
1035.8739108149498 130.03659760504095
1035.8739108149498 130.03659760504095
1035.8739108149498 130.03659760504095
1035.8739108149498 130.03659760504095
1035.8739108149498 130.03659760504095
1097.7301348975436 135.01361580900647
1097.7301348975436 135.01361580900647
1097.7301348975436 135.01361580900647
1097.7301348975436 135.01361580900647
1097.7301348975436 135.01361580900647
1097.7301348975436 135.01361580900647
1097.7301348975436 135.01361580900647
1097.7301348975436 135.01361580900647
1097.7301348975436 135.01361580900647
1097.7301348975436 135.01361580900647
1097.7301348975436 135.01361580900647
1038.4871918565145 130.22176011078196
1038.4871918565145 130.22176011078196
1038.4871918565145 130.22176011078196
1038.4871918565145 130.22176011078196
1038.4871918565145 130.22176011078196
1038.4871918565145 130.22176011078196
1038.4871918565145 130.22176011078196
1038.4871918565145 130.22176011078196
1038.4871918565145 130.22176011078196
1136.6990374282013 138.61251269744065
1136.6990374282013 138.61251269744065
1136.6990374282013 138.61251269744065
1136.6990374282013 138.61251269744065
1136.6990374282013 138.61251269744065
1136.6990374282013 138.61251269744065
1136.6990374282013 138.61251269744065
1136.6990374282013 138.61251269744065
1136.6990374282013 138.61251269744065
1136.6990374282013 138.61251269744065
1136.6990374282013 138.61251269744065
1158.4766630967638 140.9540101614038
1158.4766630967638 140.9540101614038
1158.4766630967638 140.9540101614038
1158.4766630967638 140.9540101614038
1158.4766630967638 140.9540101614038
1158.4766630967638 140.9540101614038
1158.4766630967638 140.9540101614038
1158.4766630967638 140.9540101614038
1158.4766630967638 140.9540101614038
1158.4766630967638 140.9540101614038
1199.708077909341 145.49695191717478
1199.708077909341 145.49695191717478
1199.708077909341 145.49695191717478
1199.708077909341 145.49695191717478
1199.708077909341 145.49695191717478
1199.708077909341 145.49695191717478
1199.708077909341 145.49695191717478
1199.708077909341 145.49695191717478
1199.708077909341 145.49695191717478
1182.870066312893 143.5009979404044
1182.870066312893 143.5009979404044
1182.870066312893 143.5009979404044
1182.870066312893 143.5009979404044
1182.870066312893 143.5009979404044
1182.870066312893 143.5009979404044
1182.870066312893 143.5009979404044
1182.870066312893 143.5009979404044
1182.870066312893 143.5009979404044
1094.8836612260677 134.66202827296127
1094.8836612260677 134.66202827296127
1094.8836612260677 134.66202827296127
1094.8836612260677 134.66202827296127
1094.8836612260677 134.66202827296127
1094.8836612260677 134.66202827296127
1094.8836612260677 134.66202827296127
1094.8836612260677 134.66202827296127
1094.8836612260677 134.66202827296127
927.0005776876859 123.41762779513633
927.0005776876859 123.41762779513633
927.0005776876859 123.41762779513633
927.0005776876859 123.41762779513633
927.0005776876859 123.41762779513633
927.0005776876859 123.41762779513633
927.0005776876859 123.41762779513633
927.0005776876859 123.41762779513633
927.0005776876859 123.41762779513633
863.6599653591811 120.70756228990882
863.6599653591811 120.70756228990882
863.6599653591811 120.70756228990882
863.6599653591811 120.70756228990882
863.6599653591811 120.70756228990882
863.6599653591811 120.70756228990882
863.6599653591811 120.70756228990882
863.6599653591811 120.70756228990882
863.6599653591811 120.70756228990882
863.6599653591811 120.70756228990882
751.1815620819997 117.41300248657004
751.1815620819997 117.41300248657004
751.1815620819997 117.41300248657004
751.1815620819997 117.41300248657004
751.1815620819997 117.41300248657004
751.1815620819997 117.41300248657004
751.1815620819997 117.41300248657004
751.1815620819997 117.41300248657004
683.7293140893081 116.08481460877971
683.7293140893081 116.08481460877971
683.7293140893081 116.08481460877971
683.7293140893081 116.08481460877971
683.7293140893081 116.08481460877971
683.7293140893081 116.08481460877971
683.7293140893081 116.08481460877971
683.7293140893081 116.08481460877971
683.7293140893081 116.08481460877971
538.3762131228879 115.01463197013109
538.3762131228879 115.01463197013109
538.3762131228879 115.01463197013109
538.3762131228879 115.01463197013109
538.3762131228879 115.01463197013109
538.3762131228879 115.01463197013109
538.3762131228879 115.01463197013109
538.3762131228879 115.01463197013109
538.3762131228879 115.01463197013109
417.4307072862615 116.30495922484386
417.4307072862615 116.30495922484386
417.4307072862615 116.30495922484386
417.4307072862615 116.30495922484386
417.4307072862615 116.30495922484386
