1334.0710367963025 162.4831531048094
1198.585311014992 144.52986965800494
1198.585311014992 144.52986965800494
1198.585311014992 144.52986965800494
1198.585311014992 144.52986965800494
1198.585311014992 144.52986965800494
1198.585311014992 144.52986965800494
1198.585311014992 144.52986965800494
1198.585311014992 144.52986965800494
1086.977942566235 133.69275540368903
1086.977942566235 133.69275540368903
1086.977942566235 133.69275540368903
1086.977942566235 133.69275540368903
1086.977942566235 133.69275540368903
1086.977942566235 133.69275540368903
1086.977942566235 133.69275540368903
1086.977942566235 133.69275540368903
1086.977942566235 133.69275540368903
1086.977942566235 133.69275540368903
952.2232353273902 124.87853574981915
952.2232353273902 124.87853574981915
952.2232353273902 124.87853574981915
952.2232353273902 124.87853574981915
952.2232353273902 124.87853574981915
952.2232353273902 124.87853574981915
952.2232353273902 124.87853574981915
952.2232353273902 124.87853574981915
952.2232353273902 124.87853574981915
952.2232353273902 124.87853574981915
848.9077073679366 120.21952173371159
848.9077073679366 120.21952173371159
848.9077073679366 120.21952173371159
848.9077073679366 120.21952173371159
848.9077073679366 120.21952173371159
848.9077073679366 120.21952173371159
848.9077073679366 120.21952173371159
848.9077073679366 120.21952173371159
848.9077073679366 120.21952173371159
988.5110066567574 126.89139448173478
988.5110066567574 126.89139448173478
988.5110066567574 126.89139448173478
988.5110066567574 126.89139448173478
988.5110066567574 126.89139448173478
988.5110066567574 126.89139448173478
988.5110066567574 126.89139448173478
988.5110066567574 126.89139448173478
988.5110066567574 126.89139448173478
1086.1907946969136 133.74616378726355
1086.1907946969136 133.74616378726355
1086.1907946969136 133.74616378726355
1086.1907946969136 133.74616378726355
1086.1907946969136 133.74616378726355
1086.1907946969136 133.74616378726355
1086.1907946969136 133.74616378726355
1086.1907946969136 133.74616378726355
1086.1907946969136 133.74616378726355
1086.1907946969136 133.74616378726355
1129.2008084322676 136.87735566703586
1129.2008084322676 136.87735566703586
1129.2008084322676 136.87735566703586
1129.2008084322676 136.87735566703586
1129.2008084322676 136.87735566703586
1129.2008084322676 136.87735566703586
1129.2008084322676 136.87735566703586
1129.2008084322676 136.87735566703586
1178.4141783967045 141.80408976920654
1178.4141783967045 141.80408976920654
1178.4141783967045 141.80408976920654
1178.4141783967045 141.80408976920654
1178.4141783967045 141.80408976920654
1178.4141783967045 141.80408976920654
1178.4141783967045 141.80408976920654
1178.4141783967045 141.80408976920654
1182.0821120509172 142.5280731064472
1182.0821120509172 142.5280731064472
1182.0821120509172 142.5280731064472
1182.0821120509172 142.5280731064472
1182.0821120509172 142.5280731064472
1182.0821120509172 142.5280731064472
1182.0821120509172 142.5280731064472
1182.0821120509172 142.5280731064472
1182.0821120509172 142.5280731064472
1186.8351526936244 143.0963899211974
1186.8351526936244 143.0963899211974
1186.8351526936244 143.0963899211974
1186.8351526936244 143.0963899211974
1186.8351526936244 143.0963899211974
1186.8351526936244 143.0963899211974
1186.8351526936244 143.0963899211974
1186.8351526936244 143.0963899211974
1166.0443152715718 140.87090357121997
1166.0443152715718 140.87090357121997
1166.0443152715718 140.87090357121997
1166.0443152715718 140.87090357121997
1166.0443152715718 140.87090357121997
1166.0443152715718 140.87090357121997
1166.0443152715718 140.87090357121997
1166.0443152715718 140.87090357121997
1166.0443152715718 140.87090357121997
1177.3668011652296 142.1669275514945
1177.3668011652296 142.1669275514945
1177.3668011652296 142.1669275514945
1177.3668011652296 142.1669275514945
1177.3668011652296 142.1669275514945
1177.3668011652296 142.1669275514945
1177.3668011652296 142.1669275514945
1177.3668011652296 142.1669275514945
1166.741574401154 141.0027878027006
1166.741574401154 141.0027878027006
1166.741574401154 141.0027878027006
1166.741574401154 141.0027878027006
1166.741574401154 141.0027878027006
1166.741574401154 141.0027878027006
1166.741574401154 141.0027878027006
1166.741574401154 141.0027878027006
1179.5254433403977 142.34533039613834
1179.5254433403977 142.34533039613834
1179.5254433403977 142.34533039613834
1179.5254433403977 142.34533039613834
1179.5254433403977 142.34533039613834
1179.5254433403977 142.34533039613834
1179.5254433403977 142.34533039613834
1179.5254433403977 142.34533039613834
1170.2092263684524 141.38350438116873
1170.2092263684524 141.38350438116873
1170.2092263684524 141.38350438116873
1170.2092263684524 141.38350438116873
1170.2092263684524 141.38350438116873
1170.2092263684524 141.38350438116873
1170.2092263684524 141.38350438116873
-932.7089462575043 1946.9338365879569
-932.7089462575043 1946.9338365879569
-932.7089462575043 1946.9338365879569
-932.7089462575043 1946.9338365879569
-932.7089462575043 1946.9338365879569
-932.7089462575043 1946.9338365879569
-932.7089462575043 1946.9338365879569
-932.7089462575043 1946.9338365879569
-932.7089462575043 1946.9338365879569
1314.4083259350814 862.9462509942302
1314.4083259350814 862.9462509942302
1314.4083259350814 862.9462509942302
1314.4083259350814 862.9462509942302
1314.4083259350814 862.9462509942302
1314.4083259350814 862.9462509942302
1314.4083259350814 862.9462509942302
1314.4083259350814 862.9462509942302
1314.4083259350814 862.9462509942302
1736.7759562205172 444.37123690693824
1736.7759562205172 444.37123690693824
1736.7759562205172 444.37123690693824
1736.7759562205172 444.37123690693824
1736.7759562205172 444.37123690693824
1736.7759562205172 444.37123690693824
1736.7759562205172 444.37123690693824
1736.7759562205172 444.37123690693824
1736.7759562205172 444.37123690693824
1675.0133422564213 280.9855443831757
1675.0133422564213 280.9855443831757
1675.0133422564213 280.9855443831757
1675.0133422564213 280.9855443831757
1675.0133422564213 280.9855443831757
1675.0133422564213 280.9855443831757
1675.0133422564213 280.9855443831757
1675.0133422564213 280.9855443831757
1544.7134090272666 213.6713496217855
1544.7134090272666 213.6713496217855
1544.7134090272666 213.6713496217855
1544.7134090272666 213.6713496217855
1544.7134090272666 213.6713496217855
1544.7134090272666 213.6713496217855
1544.7134090272666 213.6713496217855
1544.7134090272666 213.6713496217855
1544.7134090272666 213.6713496217855
1479.9754758014674 191.75829898938318
1479.9754758014674 191.75829898938318
1479.9754758014674 191.75829898938318
1479.9754758014674 191.75829898938318
1479.9754758014674 191.75829898938318
1479.9754758014674 191.75829898938318
1479.9754758014674 191.75829898938318
1479.9754758014674 191.75829898938318
1479.9754758014674 191.75829898938318
1372.6634995865568 168.615392612594
1372.6634995865568 168.615392612594
1372.6634995865568 168.615392612594
1372.6634995865568 168.615392612594
1372.6634995865568 168.615392612594
1372.6634995865568 168.615392612594
1372.6634995865568 168.615392612594
1372.6634995865568 168.615392612594
1234.3077339137712 148.02555202580345
1234.3077339137712 148.02555202580345
1234.3077339137712 148.02555202580345
1234.3077339137712 148.02555202580345
1234.3077339137712 148.02555202580345
1234.3077339137712 148.02555202580345
1234.3077339137712 148.02555202580345
1234.3077339137712 148.02555202580345
1234.3077339137712 148.02555202580345
1197.6449835078834 143.88607060051893
1197.6449835078834 143.88607060051893
1197.6449835078834 143.88607060051893
1197.6449835078834 143.88607060051893
1197.6449835078834 143.88607060051893
1197.6449835078834 143.88607060051893
1197.6449835078834 143.88607060051893
1197.6449835078834 143.88607060051893
834.1520487556637 120.37922362692055
834.1520487556637 120.37922362692055
834.1520487556637 120.37922362692055
834.1520487556637 120.37922362692055
834.1520487556637 120.37922362692055
834.1520487556637 120.37922362692055
834.1520487556637 120.37922362692055
834.1520487556637 120.37922362692055
834.1520487556637 120.37922362692055
499.58452764615345 117.82714244390158
499.58452764615345 117.82714244390158
499.58452764615345 117.82714244390158
499.58452764615345 117.82714244390158
499.58452764615345 117.82714244390158
499.58452764615345 117.82714244390158
499.58452764615345 117.82714244390158
499.58452764615345 117.82714244390158
499.58452764615345 117.82714244390158
499.58452764615345 117.82714244390158
576.1238392680594 116.66839814889764
576.1238392680594 116.66839814889764
576.1238392680594 116.66839814889764
576.1238392680594 116.66839814889764
576.1238392680594 116.66839814889764
576.1238392680594 116.66839814889764
576.1238392680594 116.66839814889764
576.1238392680594 116.66839814889764
576.1238392680594 116.66839814889764
684.0920118577548 117.3825376975725
684.0920118577548 117.3825376975725
684.0920118577548 117.3825376975725
684.0920118577548 117.3825376975725
684.0920118577548 117.3825376975725
684.0920118577548 117.3825376975725
684.0920118577548 117.3825376975725
684.0920118577548 117.3825376975725
814.4715859603018 119.92777666709014
814.4715859603018 119.92777666709014
814.4715859603018 119.92777666709014
814.4715859603018 119.92777666709014
814.4715859603018 119.92777666709014
814.4715859603018 119.92777666709014
814.4715859603018 119.92777666709014
814.4715859603018 119.92777666709014
814.4715859603018 119.92777666709014
814.4715859603018 119.92777666709014
905.4057805024389 122.78808893722262
905.4057805024389 122.78808893722262
905.4057805024389 122.78808893722262
905.4057805024389 122.78808893722262
905.4057805024389 122.78808893722262
905.4057805024389 122.78808893722262
905.4057805024389 122.78808893722262
905.4057805024389 122.78808893722262
999.5531209363819 127.58049451851645
999.5531209363819 127.58049451851645
999.5531209363819 127.58049451851645
999.5531209363819 127.58049451851645
999.5531209363819 127.58049451851645
999.5531209363819 127.58049451851645
999.5531209363819 127.58049451851645
999.5531209363819 127.58049451851645
1103.0617424179552 135.11885204014737
1103.0617424179552 135.11885204014737
1103.0617424179552 135.11885204014737
1103.0617424179552 135.11885204014737
1103.0617424179552 135.11885204014737
1103.0617424179552 135.11885204014737
1103.0617424179552 135.11885204014737
1103.0617424179552 135.11885204014737
1103.0617424179552 135.11885204014737
1103.0617424179552 135.11885204014737
1158.7673628075986 140.3402449905828
1158.7673628075986 140.3402449905828
1158.7673628075986 140.3402449905828
1158.7673628075986 140.3402449905828
1158.7673628075986 140.3402449905828
1158.7673628075986 140.3402449905828
1158.7673628075986 140.3402449905828
1158.7673628075986 140.3402449905828
1178.8629721382167 142.30988455504516
1178.8629721382167 142.30988455504516
1178.8629721382167 142.30988455504516
1178.8629721382167 142.30988455504516
1178.8629721382167 142.30988455504516
1178.8629721382167 142.30988455504516
1178.8629721382167 142.30988455504516
1178.8629721382167 142.30988455504516
1178.8629721382167 142.30988455504516
1151.484874838889 139.734188760545
1151.484874838889 139.734188760545
1151.484874838889 139.734188760545
1151.484874838889 139.734188760545
1151.484874838889 139.734188760545
1151.484874838889 139.734188760545
1151.484874838889 139.734188760545
1151.484874838889 139.734188760545
1151.484874838889 139.734188760545
1151.484874838889 139.734188760545
1151.484874838889 139.734188760545
1151.484874838889 139.734188760545
1151.484874838889 139.734188760545
1094.4124994086249 134.0069566335233
1094.4124994086249 134.0069566335233
1094.4124994086249 134.0069566335233
1094.4124994086249 134.0069566335233
1094.4124994086249 134.0069566335233
1094.4124994086249 134.0069566335233
1094.4124994086249 134.0069566335233
1094.4124994086249 134.0069566335233
1165.7842588942517 140.38652343523756
1165.7842588942517 140.38652343523756
1165.7842588942517 140.38652343523756
1165.7842588942517 140.38652343523756
1165.7842588942517 140.38652343523756
1165.7842588942517 140.38652343523756
1165.7842588942517 140.38652343523756
1165.7842588942517 140.38652343523756
1165.7842588942517 140.38652343523756
1165.7842588942517 140.38652343523756
1113.1903043283949 135.6272180535065
1113.1903043283949 135.6272180535065
1113.1903043283949 135.6272180535065
1113.1903043283949 135.6272180535065
1113.1903043283949 135.6272180535065
1113.1903043283949 135.6272180535065
1113.1903043283949 135.6272180535065
1113.1903043283949 135.6272180535065
1113.1903043283949 135.6272180535065
1131.5761852198095 137.29066081548024
1131.5761852198095 137.29066081548024
1131.5761852198095 137.29066081548024
1131.5761852198095 137.29066081548024
1131.5761852198095 137.29066081548024
1131.5761852198095 137.29066081548024
1131.5761852198095 137.29066081548024
1131.5761852198095 137.29066081548024
1131.5761852198095 137.29066081548024
1131.5761852198095 137.29066081548024
1159.2428602920215 139.93081382991684
1159.2428602920215 139.93081382991684
1159.2428602920215 139.93081382991684
1159.2428602920215 139.93081382991684
1159.2428602920215 139.93081382991684
1159.2428602920215 139.93081382991684
1159.2428602920215 139.93081382991684
1159.2428602920215 139.93081382991684
1176.785638149048 141.61605760925497
1176.785638149048 141.61605760925497
1176.785638149048 141.61605760925497
1176.785638149048 141.61605760925497
1176.785638149048 141.61605760925497
1176.785638149048 141.61605760925497
1176.785638149048 141.61605760925497
1176.785638149048 141.61605760925497
1188.325675243703 142.9290269282111
1188.325675243703 142.9290269282111
1188.325675243703 142.9290269282111
1188.325675243703 142.9290269282111
1188.325675243703 142.9290269282111
1188.325675243703 142.9290269282111
1188.325675243703 142.9290269282111
1188.325675243703 142.9290269282111
1188.325675243703 142.9290269282111
1216.8888191680746 146.14624302590082
1216.8888191680746 146.14624302590082
1216.8888191680746 146.14624302590082
1216.8888191680746 146.14624302590082
1216.8888191680746 146.14624302590082
1216.8888191680746 146.14624302590082
1216.8888191680746 146.14624302590082
1216.8888191680746 146.14624302590082
1014.259010071408 128.49185793084624
1014.259010071408 128.49185793084624
1014.259010071408 128.49185793084624
1014.259010071408 128.49185793084624
1014.259010071408 128.49185793084624
1014.259010071408 128.49185793084624
1014.259010071408 128.49185793084624
1014.259010071408 128.49185793084624
1014.259010071408 128.49185793084624
1026.538390008491 129.27600880985236
1026.538390008491 129.27600880985236
1026.538390008491 129.27600880985236
1026.538390008491 129.27600880985236
1026.538390008491 129.27600880985236
1026.538390008491 129.27600880985236
1026.538390008491 129.27600880985236
1026.538390008491 129.27600880985236
1026.538390008491 129.27600880985236
1023.2809887789304 129.07218817654842
1023.2809887789304 129.07218817654842
1023.2809887789304 129.07218817654842
1023.2809887789304 129.07218817654842
1023.2809887789304 129.07218817654842
1023.2809887789304 129.07218817654842
1023.2809887789304 129.07218817654842
1023.2809887789304 129.07218817654842
1023.2809887789304 129.07218817654842
1039.0327467828918 130.12432349405975
1039.0327467828918 130.12432349405975
1039.0327467828918 130.12432349405975
1039.0327467828918 130.12432349405975
1039.0327467828918 130.12432349405975
1039.0327467828918 130.12432349405975
1039.0327467828918 130.12432349405975
1039.0327467828918 130.12432349405975
1039.0327467828918 130.12432349405975
1045.8454847294672 130.58129310123076
1045.8454847294672 130.58129310123076
1045.8454847294672 130.58129310123076
1045.8454847294672 130.58129310123076
1045.8454847294672 130.58129310123076
1045.8454847294672 130.58129310123076
1045.8454847294672 130.58129310123076
1589.0802388349719 240.24776886125966
1589.0802388349719 240.24776886125966
1589.0802388349719 240.24776886125966
1589.0802388349719 240.24776886125966
1589.0802388349719 240.24776886125966
1589.0802388349719 240.24776886125966
1589.0802388349719 240.24776886125966
1589.0802388349719 240.24776886125966
1414.0586053039694 180.91936289167745
1414.0586053039694 180.91936289167745
1414.0586053039694 180.91936289167745
1414.0586053039694 180.91936289167745
1414.0586053039694 180.91936289167745
1414.0586053039694 180.91936289167745
1414.0586053039694 180.91936289167745
1414.0586053039694 180.91936289167745
1414.0586053039694 180.91936289167745
1278.7392217924116 155.15927629654828
1278.7392217924116 155.15927629654828
1278.7392217924116 155.15927629654828
1278.7392217924116 155.15927629654828
1278.7392217924116 155.15927629654828
1278.7392217924116 155.15927629654828
1278.7392217924116 155.15927629654828
1278.7392217924116 155.15927629654828
1176.68028368823 142.0845191033903
1176.68028368823 142.0845191033903
1176.68028368823 142.0845191033903
1176.68028368823 142.0845191033903
1176.68028368823 142.0845191033903
1176.68028368823 142.0845191033903
1176.68028368823 142.0845191033903
1176.68028368823 142.0845191033903
1176.68028368823 142.0845191033903
1141.949875887132 138.4428237669331
1141.949875887132 138.4428237669331
1141.949875887132 138.4428237669331
1141.949875887132 138.4428237669331
1141.949875887132 138.4428237669331
1141.949875887132 138.4428237669331
1141.949875887132 138.4428237669331
1141.949875887132 138.4428237669331
1141.949875887132 138.4428237669331
1139.0999241904096 138.10483331330315
1139.0999241904096 138.10483331330315
1139.0999241904096 138.10483331330315
1139.0999241904096 138.10483331330315
1139.0999241904096 138.10483331330315
1139.0999241904096 138.10483331330315
1139.0999241904096 138.10483331330315
1139.0999241904096 138.10483331330315
1139.0999241904096 138.10483331330315
1139.0999241904096 138.10483331330315
1139.0999241904096 138.10483331330315
973.1010365842868 126.06095947642666
973.1010365842868 126.06095947642666
973.1010365842868 126.06095947642666
973.1010365842868 126.06095947642666
973.1010365842868 126.06095947642666
973.1010365842868 126.06095947642666
973.1010365842868 126.06095947642666
973.1010365842868 126.06095947642666
1005.0511191232831 127.92377482508601
1005.0511191232831 127.92377482508601
1005.0511191232831 127.92377482508601
1005.0511191232831 127.92377482508601
1005.0511191232831 127.92377482508601
1005.0511191232831 127.92377482508601
1005.0511191232831 127.92377482508601
1005.0511191232831 127.92377482508601
1005.0511191232831 127.92377482508601
1038.828751491575 130.10020896213967
1038.828751491575 130.10020896213967
1038.828751491575 130.10020896213967
1038.828751491575 130.10020896213967
1038.828751491575 130.10020896213967
1038.828751491575 130.10020896213967
1038.828751491575 130.10020896213967
1038.828751491575 130.10020896213967
1086.8919192577887 133.64223723335445
1086.8919192577887 133.64223723335445
1086.8919192577887 133.64223723335445
1086.8919192577887 133.64223723335445
1086.8919192577887 133.64223723335445
1086.8919192577887 133.64223723335445
1086.8919192577887 133.64223723335445
1086.8919192577887 133.64223723335445
1086.8919192577887 133.64223723335445
1124.3308711765924 136.80533085410514
1124.3308711765924 136.80533085410514
1124.3308711765924 136.80533085410514
1124.3308711765924 136.80533085410514
1124.3308711765924 136.80533085410514
1124.3308711765924 136.80533085410514
1124.3308711765924 136.80533085410514
1124.3308711765924 136.80533085410514
1124.3308711765924 136.80533085410514
1137.744576628819 138.0185044534598
1137.744576628819 138.0185044534598
1137.744576628819 138.0185044534598
1137.744576628819 138.0185044534598
1137.744576628819 138.0185044534598
1137.744576628819 138.0185044534598
1137.744576628819 138.0185044534598
1137.744576628819 138.0185044534598
1138.0699211340686 138.05318283982433
1138.0699211340686 138.05318283982433
1138.0699211340686 138.05318283982433
1138.0699211340686 138.05318283982433
1138.0699211340686 138.05318283982433
1138.0699211340686 138.05318283982433
1138.0699211340686 138.05318283982433
1138.0699211340686 138.05318283982433
1138.0699211340686 138.05318283982433
1137.4097600298494 138.01045841446702
1137.4097600298494 138.01045841446702
1137.4097600298494 138.01045841446702
1137.4097600298494 138.01045841446702
1137.4097600298494 138.01045841446702
1137.4097600298494 138.01045841446702
1137.4097600298494 138.01045841446702
1137.4097600298494 138.01045841446702
1137.4097600298494 138.01045841446702
1101.5026315444163 134.85963821535108
1101.5026315444163 134.85963821535108
1101.5026315444163 134.85963821535108
1101.5026315444163 134.85963821535108
1101.5026315444163 134.85963821535108
1101.5026315444163 134.85963821535108
1101.5026315444163 134.85963821535108
1101.5026315444163 134.85963821535108
1101.5026315444163 134.85963821535108
1090.3903622331336 133.9113825380396
1090.3903622331336 133.9113825380396
1090.3903622331336 133.9113825380396
1090.3903622331336 133.9113825380396
1090.3903622331336 133.9113825380396
1090.3903622331336 133.9113825380396
1090.3903622331336 133.9113825380396
1090.3903622331336 133.9113825380396
1090.3903622331336 133.9113825380396
1024.384010243912 129.13572644975827
1024.384010243912 129.13572644975827
1024.384010243912 129.13572644975827
1024.384010243912 129.13572644975827
1024.384010243912 129.13572644975827
1024.384010243912 129.13572644975827
1024.384010243912 129.13572644975827
1024.384010243912 129.13572644975827
1024.384010243912 129.13572644975827
977.6906857520494 126.33636693512753
977.6906857520494 126.33636693512753
977.6906857520494 126.33636693512753
977.6906857520494 126.33636693512753
977.6906857520494 126.33636693512753
977.6906857520494 126.33636693512753
977.6906857520494 126.33636693512753
977.6906857520494 126.33636693512753
977.6906857520494 126.33636693512753
972.3039218870069 126.02187466842432
972.3039218870069 126.02187466842432
972.3039218870069 126.02187466842432
972.3039218870069 126.02187466842432
972.3039218870069 126.02187466842432
972.3039218870069 126.02187466842432
972.3039218870069 126.02187466842432
972.3039218870069 126.02187466842432
972.3039218870069 126.02187466842432
1610.511766378038 250.85552847394314
1610.511766378038 250.85552847394314
1610.511766378038 250.85552847394314
1610.511766378038 250.85552847394314
1610.511766378038 250.85552847394314
1610.511766378038 250.85552847394314
1610.511766378038 250.85552847394314
1610.511766378038 250.85552847394314
1610.511766378038 250.85552847394314
1378.258482399448 173.53227430900316
1378.258482399448 173.53227430900316
1378.258482399448 173.53227430900316
1378.258482399448 173.53227430900316
1378.258482399448 173.53227430900316
1378.258482399448 173.53227430900316
1378.258482399448 173.53227430900316
1378.258482399448 173.53227430900316
1378.258482399448 173.53227430900316
1196.4537404909067 144.65120897011568
1196.4537404909067 144.65120897011568
1196.4537404909067 144.65120897011568
1196.4537404909067 144.65120897011568
1196.4537404909067 144.65120897011568
1196.4537404909067 144.65120897011568
1196.4537404909067 144.65120897011568
1196.4537404909067 144.65120897011568
1196.4537404909067 144.65120897011568
1079.4053862075286 133.2227778612211
1079.4053862075286 133.2227778612211
1079.4053862075286 133.2227778612211
1079.4053862075286 133.2227778612211
1079.4053862075286 133.2227778612211
1079.4053862075286 133.2227778612211
1079.4053862075286 133.2227778612211
1079.4053862075286 133.2227778612211
1079.4053862075286 133.2227778612211
1001.5460911199948 127.69379869560802
1001.5460911199948 127.69379869560802
1001.5460911199948 127.69379869560802
1001.5460911199948 127.69379869560802
1001.5460911199948 127.69379869560802
1001.5460911199948 127.69379869560802
1001.5460911199948 127.69379869560802
1001.5460911199948 127.69379869560802
1001.5460911199948 127.69379869560802
833.5800356761227 120.11553576561502
833.5800356761227 120.11553576561502
833.5800356761227 120.11553576561502
833.5800356761227 120.11553576561502
833.5800356761227 120.11553576561502
833.5800356761227 120.11553576561502
833.5800356761227 120.11553576561502
833.5800356761227 120.11553576561502
833.5800356761227 120.11553576561502
680.4002224286601 116.72047318782438
680.4002224286601 116.72047318782438
680.4002224286601 116.72047318782438
680.4002224286601 116.72047318782438
680.4002224286601 116.72047318782438
680.4002224286601 116.72047318782438
680.4002224286601 116.72047318782438
680.4002224286601 116.72047318782438
680.4002224286601 116.72047318782438
680.4002224286601 116.72047318782438
508.1997395379482 116.26439430989507
508.1997395379482 116.26439430989507
508.1997395379482 116.26439430989507
508.1997395379482 116.26439430989507
508.1997395379482 116.26439430989507
508.1997395379482 116.26439430989507
508.1997395379482 116.26439430989507
508.1997395379482 116.26439430989507
381.8945901190576 117.7408322384992
381.8945901190576 117.7408322384992
381.8945901190576 117.7408322384992
381.8945901190576 117.7408322384992
381.8945901190576 117.7408322384992
381.8945901190576 117.7408322384992
381.8945901190576 117.7408322384992
381.8945901190576 117.7408322384992
381.8945901190576 117.7408322384992
270.82479736281783 119.86433060789889
270.82479736281783 119.86433060789889
270.82479736281783 119.86433060789889
270.82479736281783 119.86433060789889
270.82479736281783 119.86433060789889
270.82479736281783 119.86433060789889
270.82479736281783 119.86433060789889
270.82479736281783 119.86433060789889
270.82479736281783 119.86433060789889
270.82479736281783 119.86433060789889
270.82479736281783 119.86433060789889
270.82479736281783 119.86433060789889
182.984499613313 125.98344308288131
182.984499613313 125.98344308288131
182.984499613313 125.98344308288131
182.984499613313 125.98344308288131
182.984499613313 125.98344308288131
182.984499613313 125.98344308288131
182.984499613313 125.98344308288131
182.984499613313 125.98344308288131
