257.19508409524144 144.22485362698978
257.19508409524144 144.22485362698978
257.19508409524144 144.22485362698978
257.19508409524144 144.22485362698978
257.19508409524144 144.22485362698978
257.19508409524144 144.22485362698978
306.34296218275887 126.9731603865093
306.34296218275887 126.9731603865093
306.34296218275887 126.9731603865093
306.34296218275887 126.9731603865093
306.34296218275887 126.9731603865093
306.34296218275887 126.9731603865093
306.34296218275887 126.9731603865093
306.34296218275887 126.9731603865093
306.34296218275887 126.9731603865093
306.34296218275887 126.9731603865093
344.83643331459615 113.92841320143305
344.83643331459615 113.92841320143305
344.83643331459615 113.92841320143305
344.83643331459615 113.92841320143305
344.83643331459615 113.92841320143305
344.83643331459615 113.92841320143305
344.83643331459615 113.92841320143305
344.83643331459615 113.92841320143305
344.83643331459615 113.92841320143305
344.83643331459615 113.92841320143305
344.83643331459615 113.92841320143305
344.83643331459615 113.92841320143305
367.3549518186121 107.26384576974857
367.3549518186121 107.26384576974857
367.3549518186121 107.26384576974857
367.3549518186121 107.26384576974857
367.3549518186121 107.26384576974857
367.3549518186121 107.26384576974857
367.3549518186121 107.26384576974857
367.3549518186121 107.26384576974857
367.3549518186121 107.26384576974857
367.3549518186121 107.26384576974857
367.3549518186121 107.26384576974857
513.2786300939605 76.31644621733057
513.2786300939605 76.31644621733057
513.2786300939605 76.31644621733057
513.2786300939605 76.31644621733057
513.2786300939605 76.31644621733057
513.2786300939605 76.31644621733057
513.2786300939605 76.31644621733057
513.2786300939605 76.31644621733057
513.2786300939605 76.31644621733057
513.2786300939605 76.31644621733057
513.2786300939605 76.31644621733057
603.1156772975007 70.23454167904993
603.1156772975007 70.23454167904993
603.1156772975007 70.23454167904993
603.1156772975007 70.23454167904993
603.1156772975007 70.23454167904993
603.1156772975007 70.23454167904993
603.1156772975007 70.23454167904993
603.1156772975007 70.23454167904993
603.1156772975007 70.23454167904993
603.1156772975007 70.23454167904993
603.1156772975007 70.23454167904993
670.4128719302246 65.52798445826105
670.4128719302246 65.52798445826105
670.4128719302246 65.52798445826105
670.4128719302246 65.52798445826105
670.4128719302246 65.52798445826105
670.4128719302246 65.52798445826105
670.4128719302246 65.52798445826105
670.4128719302246 65.52798445826105
670.4128719302246 65.52798445826105
670.4128719302246 65.52798445826105
685.5910263093963 67.33309593247628
685.5910263093963 67.33309593247628
685.5910263093963 67.33309593247628
685.5910263093963 67.33309593247628
685.5910263093963 67.33309593247628
685.5910263093963 67.33309593247628
685.5910263093963 67.33309593247628
685.5910263093963 67.33309593247628
685.5910263093963 67.33309593247628
685.5910263093963 67.33309593247628
685.5910263093963 67.33309593247628
665.3441546010091 67.3794839144914
665.3441546010091 67.3794839144914
665.3441546010091 67.3794839144914
665.3441546010091 67.3794839144914
665.3441546010091 67.3794839144914
665.3441546010091 67.3794839144914
665.3441546010091 67.3794839144914
665.3441546010091 67.3794839144914
665.3441546010091 67.3794839144914
665.3441546010091 67.3794839144914
665.3441546010091 67.3794839144914
665.3441546010091 67.3794839144914
692.4944099766602 68.1956169304192
692.4944099766602 68.1956169304192
692.4944099766602 68.1956169304192
692.4944099766602 68.1956169304192
692.4944099766602 68.1956169304192
692.4944099766602 68.1956169304192
692.4944099766602 68.1956169304192
692.4944099766602 68.1956169304192
692.4944099766602 68.1956169304192
692.4944099766602 68.1956169304192
692.4944099766602 68.1956169304192
692.4944099766602 68.1956169304192
689.5784656124252 68.5404140239713
689.5784656124252 68.5404140239713
689.5784656124252 68.5404140239713
689.5784656124252 68.5404140239713
689.5784656124252 68.5404140239713
689.5784656124252 68.5404140239713
689.5784656124252 68.5404140239713
689.5784656124252 68.5404140239713
689.5784656124252 68.5404140239713
689.5784656124252 68.5404140239713
689.5784656124252 68.5404140239713
687.0934082304684 69.99570022204256
687.0934082304684 69.99570022204256
687.0934082304684 69.99570022204256
687.0934082304684 69.99570022204256
687.0934082304684 69.99570022204256
687.0934082304684 69.99570022204256
687.0934082304684 69.99570022204256
687.0934082304684 69.99570022204256
687.0934082304684 69.99570022204256
687.0934082304684 69.99570022204256
687.0934082304684 69.99570022204256
705.9231200457799 68.1512576594072
705.9231200457799 68.1512576594072
705.9231200457799 68.1512576594072
705.9231200457799 68.1512576594072
705.9231200457799 68.1512576594072
705.9231200457799 68.1512576594072
705.9231200457799 68.1512576594072
705.9231200457799 68.1512576594072
705.9231200457799 68.1512576594072
705.9231200457799 68.1512576594072
705.9231200457799 68.1512576594072
705.9231200457799 68.1512576594072
712.5342370056193 66.98759657683618
712.5342370056193 66.98759657683618
712.5342370056193 66.98759657683618
712.5342370056193 66.98759657683618
712.5342370056193 66.98759657683618
712.5342370056193 66.98759657683618
712.5342370056193 66.98759657683618
712.5342370056193 66.98759657683618
712.5342370056193 66.98759657683618
712.5342370056193 66.98759657683618
712.5342370056193 66.98759657683618
712.5342370056193 66.98759657683618
712.5342370056193 66.98759657683618
711.1133003676663 63.80365347763163
711.1133003676663 63.80365347763163
711.1133003676663 63.80365347763163
711.1133003676663 63.80365347763163
711.1133003676663 63.80365347763163
711.1133003676663 63.80365347763163
711.1133003676663 63.80365347763163
711.1133003676663 63.80365347763163
711.1133003676663 63.80365347763163
711.1133003676663 63.80365347763163
711.1133003676663 63.80365347763163
711.1133003676663 63.80365347763163
735.0197153319385 64.93263703888961
735.0197153319385 64.93263703888961
735.0197153319385 64.93263703888961
735.0197153319385 64.93263703888961
735.0197153319385 64.93263703888961
735.0197153319385 64.93263703888961
735.0197153319385 64.93263703888961
735.0197153319385 64.93263703888961
735.0197153319385 64.93263703888961
735.0197153319385 64.93263703888961
735.0197153319385 64.93263703888961
714.6898279279592 66.35002180387741
714.6898279279592 66.35002180387741
714.6898279279592 66.35002180387741
714.6898279279592 66.35002180387741
714.6898279279592 66.35002180387741
714.6898279279592 66.35002180387741
714.6898279279592 66.35002180387741
714.6898279279592 66.35002180387741
714.6898279279592 66.35002180387741
714.6898279279592 66.35002180387741
714.6898279279592 66.35002180387741
706.6726915152276 63.83070248964843
706.6726915152276 63.83070248964843
706.6726915152276 63.83070248964843
706.6726915152276 63.83070248964843
706.6726915152276 63.83070248964843
706.6726915152276 63.83070248964843
706.6726915152276 63.83070248964843
706.6726915152276 63.83070248964843
706.6726915152276 63.83070248964843
706.6726915152276 63.83070248964843
706.6726915152276 63.83070248964843
706.6726915152276 63.83070248964843
717.503892538363 64.61842837629507
717.503892538363 64.61842837629507
717.503892538363 64.61842837629507
717.503892538363 64.61842837629507
717.503892538363 64.61842837629507
717.503892538363 64.61842837629507
717.503892538363 64.61842837629507
717.503892538363 64.61842837629507
717.503892538363 64.61842837629507
717.503892538363 64.61842837629507
717.503892538363 64.61842837629507
717.503892538363 64.61842837629507
742.7136925290419 65.1242217840076
742.7136925290419 65.1242217840076
742.7136925290419 65.1242217840076
742.7136925290419 65.1242217840076
742.7136925290419 65.1242217840076
742.7136925290419 65.1242217840076
742.7136925290419 65.1242217840076
742.7136925290419 65.1242217840076
742.7136925290419 65.1242217840076
742.7136925290419 65.1242217840076
742.7136925290419 65.1242217840076
746.9125279956908 66.67335138091286
746.9125279956908 66.67335138091286
746.9125279956908 66.67335138091286
746.9125279956908 66.67335138091286
746.9125279956908 66.67335138091286
746.9125279956908 66.67335138091286
746.9125279956908 66.67335138091286
746.9125279956908 66.67335138091286
746.9125279956908 66.67335138091286
746.9125279956908 66.67335138091286
746.9125279956908 66.67335138091286
737.6782015396067 64.23514335841297
737.6782015396067 64.23514335841297
737.6782015396067 64.23514335841297
737.6782015396067 64.23514335841297
737.6782015396067 64.23514335841297
737.6782015396067 64.23514335841297
737.6782015396067 64.23514335841297
737.6782015396067 64.23514335841297
737.6782015396067 64.23514335841297
737.6782015396067 64.23514335841297
737.6782015396067 64.23514335841297
737.6782015396067 64.23514335841297
740.7652241133738 66.23421141694077
740.7652241133738 66.23421141694077
740.7652241133738 66.23421141694077
740.7652241133738 66.23421141694077
740.7652241133738 66.23421141694077
740.7652241133738 66.23421141694077
740.7652241133738 66.23421141694077
740.7652241133738 66.23421141694077
740.7652241133738 66.23421141694077
740.7652241133738 66.23421141694077
740.7652241133738 66.23421141694077
743.1647792821935 70.13752872397373
743.1647792821935 70.13752872397373
743.1647792821935 70.13752872397373
743.1647792821935 70.13752872397373
743.1647792821935 70.13752872397373
743.1647792821935 70.13752872397373
743.1647792821935 70.13752872397373
743.1647792821935 70.13752872397373
743.1647792821935 70.13752872397373
743.1647792821935 70.13752872397373
743.1647792821935 70.13752872397373
721.7182382368488 72.06524025360126
721.7182382368488 72.06524025360126
721.7182382368488 72.06524025360126
721.7182382368488 72.06524025360126
721.7182382368488 72.06524025360126
721.7182382368488 72.06524025360126
721.7182382368488 72.06524025360126
721.7182382368488 72.06524025360126
721.7182382368488 72.06524025360126
721.7182382368488 72.06524025360126
721.7182382368488 72.06524025360126
721.7182382368488 72.06524025360126
711.5275739215266 74.774207357017
711.5275739215266 74.774207357017
711.5275739215266 74.774207357017
711.5275739215266 74.774207357017
711.5275739215266 74.774207357017
711.5275739215266 74.774207357017
711.5275739215266 74.774207357017
711.5275739215266 74.774207357017
711.5275739215266 74.774207357017
711.5275739215266 74.774207357017
711.5275739215266 74.774207357017
711.5275739215266 74.774207357017
711.5275739215266 74.774207357017
722.7040620861718 81.37451539633878
722.7040620861718 81.37451539633878
722.7040620861718 81.37451539633878
722.7040620861718 81.37451539633878
722.7040620861718 81.37451539633878
722.7040620861718 81.37451539633878
722.7040620861718 81.37451539633878
722.7040620861718 81.37451539633878
722.7040620861718 81.37451539633878
722.7040620861718 81.37451539633878
722.7040620861718 81.37451539633878
722.7040620861718 81.37451539633878
722.7040620861718 81.37451539633878
724.227917936421 80.31365700689412
724.227917936421 80.31365700689412
724.227917936421 80.31365700689412
724.227917936421 80.31365700689412
724.227917936421 80.31365700689412
724.227917936421 80.31365700689412
724.227917936421 80.31365700689412
724.227917936421 80.31365700689412
724.227917936421 80.31365700689412
724.227917936421 80.31365700689412
683.3923588275105 86.8083394763504
683.3923588275105 86.8083394763504
683.3923588275105 86.8083394763504
683.3923588275105 86.8083394763504
683.3923588275105 86.8083394763504
683.3923588275105 86.8083394763504
683.3923588275105 86.8083394763504
683.3923588275105 86.8083394763504
683.3923588275105 86.8083394763504
683.3923588275105 86.8083394763504
707.9310525465501 83.64147071667472
707.9310525465501 83.64147071667472
707.9310525465501 83.64147071667472
707.9310525465501 83.64147071667472
707.9310525465501 83.64147071667472
707.9310525465501 83.64147071667472
707.9310525465501 83.64147071667472
707.9310525465501 83.64147071667472
707.9310525465501 83.64147071667472
707.9310525465501 83.64147071667472
707.9310525465501 83.64147071667472
711.571612172984 81.40711154876016
711.571612172984 81.40711154876016
711.571612172984 81.40711154876016
711.571612172984 81.40711154876016
711.571612172984 81.40711154876016
711.571612172984 81.40711154876016
711.571612172984 81.40711154876016
711.571612172984 81.40711154876016
711.571612172984 81.40711154876016
711.571612172984 81.40711154876016
711.571612172984 81.40711154876016
711.571612172984 81.40711154876016
745.4425976946901 81.23291032140537
745.4425976946901 81.23291032140537
745.4425976946901 81.23291032140537
745.4425976946901 81.23291032140537
745.4425976946901 81.23291032140537
745.4425976946901 81.23291032140537
745.4425976946901 81.23291032140537
745.4425976946901 81.23291032140537
745.4425976946901 81.23291032140537
745.4425976946901 81.23291032140537
745.4425976946901 81.23291032140537
745.4425976946901 81.23291032140537
738.5161656700551 78.94208466278761
738.5161656700551 78.94208466278761
738.5161656700551 78.94208466278761
738.5161656700551 78.94208466278761
738.5161656700551 78.94208466278761
738.5161656700551 78.94208466278761
738.5161656700551 78.94208466278761
738.5161656700551 78.94208466278761
738.5161656700551 78.94208466278761
738.5161656700551 78.94208466278761
738.5161656700551 78.94208466278761
736.1664289783704 77.05392514951656
736.1664289783704 77.05392514951656
736.1664289783704 77.05392514951656
736.1664289783704 77.05392514951656
736.1664289783704 77.05392514951656
736.1664289783704 77.05392514951656
736.1664289783704 77.05392514951656
736.1664289783704 77.05392514951656
736.1664289783704 77.05392514951656
736.1664289783704 77.05392514951656
736.1664289783704 77.05392514951656
744.3647261187122 76.22215527080112
744.3647261187122 76.22215527080112
744.3647261187122 76.22215527080112
744.3647261187122 76.22215527080112
744.3647261187122 76.22215527080112
744.3647261187122 76.22215527080112
744.3647261187122 76.22215527080112
744.3647261187122 76.22215527080112
744.3647261187122 76.22215527080112
744.3647261187122 76.22215527080112
744.3647261187122 76.22215527080112
744.3647261187122 76.22215527080112
757.2712628154736 77.59158015970979
757.2712628154736 77.59158015970979
757.2712628154736 77.59158015970979
757.2712628154736 77.59158015970979
757.2712628154736 77.59158015970979
757.2712628154736 77.59158015970979
757.2712628154736 77.59158015970979
757.2712628154736 77.59158015970979
757.2712628154736 77.59158015970979
757.2712628154736 77.59158015970979
757.2712628154736 77.59158015970979
757.2712628154736 77.59158015970979
764.2912945982091 78.74377228897822
764.2912945982091 78.74377228897822
764.2912945982091 78.74377228897822
764.2912945982091 78.74377228897822
764.2912945982091 78.74377228897822
764.2912945982091 78.74377228897822
764.2912945982091 78.74377228897822
764.2912945982091 78.74377228897822
764.2912945982091 78.74377228897822
764.2912945982091 78.74377228897822
764.2912945982091 78.74377228897822
741.4756979272504 78.50374027300893
741.4756979272504 78.50374027300893
741.4756979272504 78.50374027300893
741.4756979272504 78.50374027300893
741.4756979272504 78.50374027300893
741.4756979272504 78.50374027300893
741.4756979272504 78.50374027300893
741.4756979272504 78.50374027300893
741.4756979272504 78.50374027300893
741.4756979272504 78.50374027300893
741.4756979272504 78.50374027300893
741.4756979272504 78.50374027300893
714.4556078217636 77.92206113662166
714.4556078217636 77.92206113662166
714.4556078217636 77.92206113662166
714.4556078217636 77.92206113662166
714.4556078217636 77.92206113662166
714.4556078217636 77.92206113662166
714.4556078217636 77.92206113662166
714.4556078217636 77.92206113662166
714.4556078217636 77.92206113662166
714.4556078217636 77.92206113662166
714.4556078217636 77.92206113662166
727.5397560341892 74.82189231206017
727.5397560341892 74.82189231206017
727.5397560341892 74.82189231206017
727.5397560341892 74.82189231206017
727.5397560341892 74.82189231206017
727.5397560341892 74.82189231206017
727.5397560341892 74.82189231206017
727.5397560341892 74.82189231206017
727.5397560341892 74.82189231206017
727.5397560341892 74.82189231206017
727.5397560341892 74.82189231206017
719.8005494207719 73.19000481009161
719.8005494207719 73.19000481009161
719.8005494207719 73.19000481009161
719.8005494207719 73.19000481009161
719.8005494207719 73.19000481009161
719.8005494207719 73.19000481009161
719.8005494207719 73.19000481009161
719.8005494207719 73.19000481009161
719.8005494207719 73.19000481009161
719.8005494207719 73.19000481009161
719.8005494207719 73.19000481009161
725.8539137089302 72.49173539422156
725.8539137089302 72.49173539422156
725.8539137089302 72.49173539422156
725.8539137089302 72.49173539422156
725.8539137089302 72.49173539422156
725.8539137089302 72.49173539422156
725.8539137089302 72.49173539422156
725.8539137089302 72.49173539422156
725.8539137089302 72.49173539422156
725.8539137089302 72.49173539422156
725.8539137089302 72.49173539422156
725.8539137089302 72.49173539422156
723.847894349725 72.94458977958935
723.847894349725 72.94458977958935
723.847894349725 72.94458977958935
723.847894349725 72.94458977958935
723.847894349725 72.94458977958935
723.847894349725 72.94458977958935
723.847894349725 72.94458977958935
723.847894349725 72.94458977958935
723.847894349725 72.94458977958935
723.847894349725 72.94458977958935
723.847894349725 72.94458977958935
729.0146081336701 76.31518509202884
729.0146081336701 76.31518509202884
729.0146081336701 76.31518509202884
729.0146081336701 76.31518509202884
729.0146081336701 76.31518509202884
729.0146081336701 76.31518509202884
729.0146081336701 76.31518509202884
729.0146081336701 76.31518509202884
729.0146081336701 76.31518509202884
729.0146081336701 76.31518509202884
729.0146081336701 76.31518509202884
720.235751211094 74.7020581393876
720.235751211094 74.7020581393876
720.235751211094 74.7020581393876
720.235751211094 74.7020581393876
720.235751211094 74.7020581393876
720.235751211094 74.7020581393876
720.235751211094 74.7020581393876
720.235751211094 74.7020581393876
720.235751211094 74.7020581393876
720.235751211094 74.7020581393876
720.235751211094 74.7020581393876
707.263056540525 72.89538569792009
707.263056540525 72.89538569792009
707.263056540525 72.89538569792009
707.263056540525 72.89538569792009
707.263056540525 72.89538569792009
707.263056540525 72.89538569792009
707.263056540525 72.89538569792009
707.263056540525 72.89538569792009
707.263056540525 72.89538569792009
707.263056540525 72.89538569792009
707.263056540525 72.89538569792009
702.8830577728668 74.74423987194356
702.8830577728668 74.74423987194356
702.8830577728668 74.74423987194356
702.8830577728668 74.74423987194356
702.8830577728668 74.74423987194356
702.8830577728668 74.74423987194356
702.8830577728668 74.74423987194356
702.8830577728668 74.74423987194356
702.8830577728668 74.74423987194356
702.8830577728668 74.74423987194356
702.8830577728668 74.74423987194356
702.8830577728668 74.74423987194356
730.8993098446642 78.57599840136999
730.8993098446642 78.57599840136999
730.8993098446642 78.57599840136999
730.8993098446642 78.57599840136999
730.8993098446642 78.57599840136999
730.8993098446642 78.57599840136999
730.8993098446642 78.57599840136999
730.8993098446642 78.57599840136999
730.8993098446642 78.57599840136999
730.8993098446642 78.57599840136999
730.8993098446642 78.57599840136999
730.8993098446642 78.57599840136999
733.2347680796415 77.97776407406339
733.2347680796415 77.97776407406339
733.2347680796415 77.97776407406339
733.2347680796415 77.97776407406339
733.2347680796415 77.97776407406339
733.2347680796415 77.97776407406339
733.2347680796415 77.97776407406339
733.2347680796415 77.97776407406339
733.2347680796415 77.97776407406339
733.2347680796415 77.97776407406339
733.2347680796415 77.97776407406339
725.9983030289436 76.53422226982376
725.9983030289436 76.53422226982376
725.9983030289436 76.53422226982376
725.9983030289436 76.53422226982376
725.9983030289436 76.53422226982376
725.9983030289436 76.53422226982376
725.9983030289436 76.53422226982376
725.9983030289436 76.53422226982376
725.9983030289436 76.53422226982376
725.9983030289436 76.53422226982376
725.9983030289436 76.53422226982376
711.4521136418361 79.08743221703733
711.4521136418361 79.08743221703733
711.4521136418361 79.08743221703733
711.4521136418361 79.08743221703733
711.4521136418361 79.08743221703733
711.4521136418361 79.08743221703733
711.4521136418361 79.08743221703733
711.4521136418361 79.08743221703733
711.4521136418361 79.08743221703733
711.4521136418361 79.08743221703733
702.0008926269797 81.19614965550346
702.0008926269797 81.19614965550346
702.0008926269797 81.19614965550346
702.0008926269797 81.19614965550346
702.0008926269797 81.19614965550346
702.0008926269797 81.19614965550346
702.0008926269797 81.19614965550346
702.0008926269797 81.19614965550346
702.0008926269797 81.19614965550346
702.0008926269797 81.19614965550346
702.0008926269797 81.19614965550346
702.0008926269797 81.19614965550346
727.9364835739053 80.83446003257245
727.9364835739053 80.83446003257245
727.9364835739053 80.83446003257245
727.9364835739053 80.83446003257245
727.9364835739053 80.83446003257245
727.9364835739053 80.83446003257245
727.9364835739053 80.83446003257245
727.9364835739053 80.83446003257245
727.9364835739053 80.83446003257245
727.9364835739053 80.83446003257245
727.9364835739053 80.83446003257245
727.9364835739053 80.83446003257245
738.3283596924787 79.91675024090958
738.3283596924787 79.91675024090958
738.3283596924787 79.91675024090958
738.3283596924787 79.91675024090958
738.3283596924787 79.91675024090958
738.3283596924787 79.91675024090958
738.3283596924787 79.91675024090958
738.3283596924787 79.91675024090958
738.3283596924787 79.91675024090958
738.3283596924787 79.91675024090958
738.3283596924787 79.91675024090958
741.9423429559589 81.51440533425892
741.9423429559589 81.51440533425892
741.9423429559589 81.51440533425892
741.9423429559589 81.51440533425892
741.9423429559589 81.51440533425892
741.9423429559589 81.51440533425892
741.9423429559589 81.51440533425892
741.9423429559589 81.51440533425892
741.9423429559589 81.51440533425892
741.9423429559589 81.51440533425892
741.9423429559589 81.51440533425892
718.1583985619014 79.04154758073912
718.1583985619014 79.04154758073912
718.1583985619014 79.04154758073912
718.1583985619014 79.04154758073912
718.1583985619014 79.04154758073912
718.1583985619014 79.04154758073912
718.1583985619014 79.04154758073912
718.1583985619014 79.04154758073912
718.1583985619014 79.04154758073912
718.1583985619014 79.04154758073912
718.1583985619014 79.04154758073912
751.1987698289936 71.08151952481347
751.1987698289936 71.08151952481347
751.1987698289936 71.08151952481347
751.1987698289936 71.08151952481347
751.1987698289936 71.08151952481347
751.1987698289936 71.08151952481347
751.1987698289936 71.08151952481347
751.1987698289936 71.08151952481347
751.1987698289936 71.08151952481347
751.1987698289936 71.08151952481347
751.1987698289936 71.08151952481347
709.161659123424 78.90282276192312
709.161659123424 78.90282276192312
709.161659123424 78.90282276192312
709.161659123424 78.90282276192312
709.161659123424 78.90282276192312
709.161659123424 78.90282276192312
709.161659123424 78.90282276192312
709.161659123424 78.90282276192312
709.161659123424 78.90282276192312
709.161659123424 78.90282276192312
709.161659123424 78.90282276192312
739.207417594401 71.40968758953542
739.207417594401 71.40968758953542
739.207417594401 71.40968758953542
739.207417594401 71.40968758953542
739.207417594401 71.40968758953542
739.207417594401 71.40968758953542
739.207417594401 71.40968758953542
739.207417594401 71.40968758953542
739.207417594401 71.40968758953542
739.207417594401 71.40968758953542
739.207417594401 71.40968758953542
748.926035966616 68.13233727760908
748.926035966616 68.13233727760908
748.926035966616 68.13233727760908
748.926035966616 68.13233727760908
748.926035966616 68.13233727760908
748.926035966616 68.13233727760908
748.926035966616 68.13233727760908
748.926035966616 68.13233727760908
748.926035966616 68.13233727760908
748.926035966616 68.13233727760908
748.926035966616 68.13233727760908
747.7489143837704 72.30591137158369
747.7489143837704 72.30591137158369
747.7489143837704 72.30591137158369
747.7489143837704 72.30591137158369
747.7489143837704 72.30591137158369
747.7489143837704 72.30591137158369
747.7489143837704 72.30591137158369
747.7489143837704 72.30591137158369
747.7489143837704 72.30591137158369
747.7489143837704 72.30591137158369
747.7489143837704 72.30591137158369
727.2784141946131 74.87982237099001
727.2784141946131 74.87982237099001
727.2784141946131 74.87982237099001
727.2784141946131 74.87982237099001
727.2784141946131 74.87982237099001
727.2784141946131 74.87982237099001
727.2784141946131 74.87982237099001
727.2784141946131 74.87982237099001
727.2784141946131 74.87982237099001
727.2784141946131 74.87982237099001
727.2784141946131 74.87982237099001
727.2784141946131 74.87982237099001
737.2529656306409 78.31093635637419
737.2529656306409 78.31093635637419
737.2529656306409 78.31093635637419
737.2529656306409 78.31093635637419
737.2529656306409 78.31093635637419
737.2529656306409 78.31093635637419
737.2529656306409 78.31093635637419
737.2529656306409 78.31093635637419
737.2529656306409 78.31093635637419
737.2529656306409 78.31093635637419
737.2529656306409 78.31093635637419
752.3081168404782 69.37359373976673
752.3081168404782 69.37359373976673
752.3081168404782 69.37359373976673
752.3081168404782 69.37359373976673
752.3081168404782 69.37359373976673
752.3081168404782 69.37359373976673
752.3081168404782 69.37359373976673
752.3081168404782 69.37359373976673
752.3081168404782 69.37359373976673
752.3081168404782 69.37359373976673
761.0437383791875 63.93896921546707
761.0437383791875 63.93896921546707
761.0437383791875 63.93896921546707
761.0437383791875 63.93896921546707
761.0437383791875 63.93896921546707
761.0437383791875 63.93896921546707
761.0437383791875 63.93896921546707
761.0437383791875 63.93896921546707
761.0437383791875 63.93896921546707
761.0437383791875 63.93896921546707
761.0437383791875 63.93896921546707
747.5666931303939 68.2215768195847
747.5666931303939 68.2215768195847
747.5666931303939 68.2215768195847
747.5666931303939 68.2215768195847
747.5666931303939 68.2215768195847
747.5666931303939 68.2215768195847
747.5666931303939 68.2215768195847
747.5666931303939 68.2215768195847
747.5666931303939 68.2215768195847
747.5666931303939 68.2215768195847
747.5666931303939 68.2215768195847
753.276819831167 74.28467868465816
753.276819831167 74.28467868465816
753.276819831167 74.28467868465816
753.276819831167 74.28467868465816
753.276819831167 74.28467868465816
753.276819831167 74.28467868465816
753.276819831167 74.28467868465816
753.276819831167 74.28467868465816
753.276819831167 74.28467868465816
753.276819831167 74.28467868465816
753.276819831167 74.28467868465816
754.5818804277762 76.86115585139916
754.5818804277762 76.86115585139916
754.5818804277762 76.86115585139916
754.5818804277762 76.86115585139916
754.5818804277762 76.86115585139916
754.5818804277762 76.86115585139916
754.5818804277762 76.86115585139916
754.5818804277762 76.86115585139916
754.5818804277762 76.86115585139916
754.5818804277762 76.86115585139916
754.5818804277762 76.86115585139916
754.5818804277762 76.86115585139916
745.4001482414798 76.53773115197241
745.4001482414798 76.53773115197241
745.4001482414798 76.53773115197241
745.4001482414798 76.53773115197241
745.4001482414798 76.53773115197241
745.4001482414798 76.53773115197241
745.4001482414798 76.53773115197241
745.4001482414798 76.53773115197241
745.4001482414798 76.53773115197241
745.4001482414798 76.53773115197241
725.1290034588313 79.42056053943057
725.1290034588313 79.42056053943057
725.1290034588313 79.42056053943057
725.1290034588313 79.42056053943057
725.1290034588313 79.42056053943057
725.1290034588313 79.42056053943057
725.1290034588313 79.42056053943057
725.1290034588313 79.42056053943057
725.1290034588313 79.42056053943057
725.1290034588313 79.42056053943057
725.1290034588313 79.42056053943057
700.7313652646292 83.62294696708824
700.7313652646292 83.62294696708824
700.7313652646292 83.62294696708824
700.7313652646292 83.62294696708824
700.7313652646292 83.62294696708824
700.7313652646292 83.62294696708824
700.7313652646292 83.62294696708824
700.7313652646292 83.62294696708824
700.7313652646292 83.62294696708824
700.7313652646292 83.62294696708824
700.7313652646292 83.62294696708824
693.2954256413477 82.68688622872114
693.2954256413477 82.68688622872114
693.2954256413477 82.68688622872114
693.2954256413477 82.68688622872114
693.2954256413477 82.68688622872114
693.2954256413477 82.68688622872114
693.2954256413477 82.68688622872114
693.2954256413477 82.68688622872114
693.2954256413477 82.68688622872114
693.2954256413477 82.68688622872114
693.2954256413477 82.68688622872114
738.8372243912348 73.81629644370673
738.8372243912348 73.81629644370673
738.8372243912348 73.81629644370673
738.8372243912348 73.81629644370673
738.8372243912348 73.81629644370673
738.8372243912348 73.81629644370673
738.8372243912348 73.81629644370673
738.8372243912348 73.81629644370673
738.8372243912348 73.81629644370673
738.8372243912348 73.81629644370673
738.8372243912348 73.81629644370673
726.9902255430767 73.78805272785955
726.9902255430767 73.78805272785955
726.9902255430767 73.78805272785955
726.9902255430767 73.78805272785955
726.9902255430767 73.78805272785955
726.9902255430767 73.78805272785955
726.9902255430767 73.78805272785955
726.9902255430767 73.78805272785955
726.9902255430767 73.78805272785955
726.9902255430767 73.78805272785955
726.9902255430767 73.78805272785955
716.7316135409368 76.60960607044453
716.7316135409368 76.60960607044453
716.7316135409368 76.60960607044453
716.7316135409368 76.60960607044453
716.7316135409368 76.60960607044453
716.7316135409368 76.60960607044453
716.7316135409368 76.60960607044453
716.7316135409368 76.60960607044453
716.7316135409368 76.60960607044453
716.7316135409368 76.60960607044453
716.7316135409368 76.60960607044453
716.7316135409368 76.60960607044453
695.0536530010496 78.54158176218743
695.0536530010496 78.54158176218743
695.0536530010496 78.54158176218743
695.0536530010496 78.54158176218743
695.0536530010496 78.54158176218743
695.0536530010496 78.54158176218743
695.0536530010496 78.54158176218743
695.0536530010496 78.54158176218743
695.0536530010496 78.54158176218743
695.0536530010496 78.54158176218743
695.0536530010496 78.54158176218743
695.0536530010496 78.54158176218743
701.4185271104548 70.71669878604781
701.4185271104548 70.71669878604781
701.4185271104548 70.71669878604781
701.4185271104548 70.71669878604781
701.4185271104548 70.71669878604781
701.4185271104548 70.71669878604781
701.4185271104548 70.71669878604781
701.4185271104548 70.71669878604781
701.4185271104548 70.71669878604781
701.4185271104548 70.71669878604781
701.4185271104548 70.71669878604781
701.4185271104548 70.71669878604781
733.2411319900015 67.65201485808736
733.2411319900015 67.65201485808736
733.2411319900015 67.65201485808736
733.2411319900015 67.65201485808736
733.2411319900015 67.65201485808736
733.2411319900015 67.65201485808736
733.2411319900015 67.65201485808736
733.2411319900015 67.65201485808736
733.2411319900015 67.65201485808736
733.2411319900015 67.65201485808736
733.2411319900015 67.65201485808736
706.6755623880069 71.88092045055899
706.6755623880069 71.88092045055899
706.6755623880069 71.88092045055899
706.6755623880069 71.88092045055899
706.6755623880069 71.88092045055899
706.6755623880069 71.88092045055899
706.6755623880069 71.88092045055899
706.6755623880069 71.88092045055899
706.6755623880069 71.88092045055899
706.6755623880069 71.88092045055899
706.6755623880069 71.88092045055899
706.6755623880069 71.88092045055899
677.0753833141579 74.18622448902262
677.0753833141579 74.18622448902262
677.0753833141579 74.18622448902262
677.0753833141579 74.18622448902262
677.0753833141579 74.18622448902262
677.0753833141579 74.18622448902262
677.0753833141579 74.18622448902262
677.0753833141579 74.18622448902262
677.0753833141579 74.18622448902262
677.0753833141579 74.18622448902262
677.0753833141579 74.18622448902262
576.8809891201494 84.30646026274306
576.8809891201494 84.30646026274306
576.8809891201494 84.30646026274306
576.8809891201494 84.30646026274306
576.8809891201494 84.30646026274306
576.8809891201494 84.30646026274306
576.8809891201494 84.30646026274306
576.8809891201494 84.30646026274306
576.8809891201494 84.30646026274306
576.8809891201494 84.30646026274306
576.8809891201494 84.30646026274306
461.0839915842114 101.79282185982802
461.0839915842114 101.79282185982802
461.0839915842114 101.79282185982802
461.0839915842114 101.79282185982802
461.0839915842114 101.79282185982802
461.0839915842114 101.79282185982802
461.0839915842114 101.79282185982802
461.0839915842114 101.79282185982802
461.0839915842114 101.79282185982802
461.0839915842114 101.79282185982802
461.0839915842114 101.79282185982802
321.61426701659525 127.38369625372124
321.61426701659525 127.38369625372124
321.61426701659525 127.38369625372124
321.61426701659525 127.38369625372124
321.61426701659525 127.38369625372124
321.61426701659525 127.38369625372124
321.61426701659525 127.38369625372124
321.61426701659525 127.38369625372124
321.61426701659525 127.38369625372124
321.61426701659525 127.38369625372124
321.61426701659525 127.38369625372124
233.94325111614194 149.85494783384297
233.94325111614194 149.85494783384297
233.94325111614194 149.85494783384297
233.94325111614194 149.85494783384297
233.94325111614194 149.85494783384297
