-197.35227501070958 72.02086111206776
-197.35227501070958 72.02086111206776
-539.8794425280892 91.84527464410195
-539.8794425280892 91.84527464410195
-539.8794425280892 91.84527464410195
-539.8794425280892 91.84527464410195
-539.8794425280892 91.84527464410195
-539.8794425280892 91.84527464410195
-539.8794425280892 91.84527464410195
-539.8794425280892 91.84527464410195
-539.8794425280892 91.84527464410195
-539.8794425280892 91.84527464410195
-539.8794425280892 91.84527464410195
-243.26459399025802 97.3639547967669
-243.26459399025802 97.3639547967669
-243.26459399025802 97.3639547967669
-243.26459399025802 97.3639547967669
-243.26459399025802 97.3639547967669
-243.26459399025802 97.3639547967669
-243.26459399025802 97.3639547967669
-243.26459399025802 97.3639547967669
-243.26459399025802 97.3639547967669
-243.26459399025802 97.3639547967669
-243.26459399025802 97.3639547967669
-243.26459399025802 97.3639547967669
-243.26459399025802 97.3639547967669
216.58869305685755 99.16508591604614
216.58869305685755 99.16508591604614
216.58869305685755 99.16508591604614
216.58869305685755 99.16508591604614
216.58869305685755 99.16508591604614
216.58869305685755 99.16508591604614
216.58869305685755 99.16508591604614
216.58869305685755 99.16508591604614
216.58869305685755 99.16508591604614
244.50960996346743 108.00462586563262
244.50960996346743 108.00462586563262
244.50960996346743 108.00462586563262
244.50960996346743 108.00462586563262
244.50960996346743 108.00462586563262
244.50960996346743 108.00462586563262
244.50960996346743 108.00462586563262
244.50960996346743 108.00462586563262
279.7768228591141 113.60156762416057
279.7768228591141 113.60156762416057
279.7768228591141 113.60156762416057
279.7768228591141 113.60156762416057
279.7768228591141 113.60156762416057
279.7768228591141 113.60156762416057
279.7768228591141 113.60156762416057
279.7768228591141 113.60156762416057
279.7768228591141 113.60156762416057
336.9129660055613 115.24846068800233
336.9129660055613 115.24846068800233
336.9129660055613 115.24846068800233
336.9129660055613 115.24846068800233
336.9129660055613 115.24846068800233
336.9129660055613 115.24846068800233
336.9129660055613 115.24846068800233
336.9129660055613 115.24846068800233
336.9129660055613 115.24846068800233
336.9129660055613 115.24846068800233
421.20562108628326 116.29040466437087
421.20562108628326 116.29040466437087
421.20562108628326 116.29040466437087
421.20562108628326 116.29040466437087
421.20562108628326 116.29040466437087
421.20562108628326 116.29040466437087
421.20562108628326 116.29040466437087
421.20562108628326 116.29040466437087
-276.3047187555179 75.3430955917772
-276.3047187555179 75.3430955917772
-276.3047187555179 75.3430955917772
-276.3047187555179 75.3430955917772
-276.3047187555179 75.3430955917772
-276.3047187555179 75.3430955917772
-276.3047187555179 75.3430955917772
-276.3047187555179 75.3430955917772
66.4949592354782 71.5080597430912
66.4949592354782 71.5080597430912
66.4949592354782 71.5080597430912
66.4949592354782 71.5080597430912
66.4949592354782 71.5080597430912
66.4949592354782 71.5080597430912
66.4949592354782 71.5080597430912
66.4949592354782 71.5080597430912
66.4949592354782 71.5080597430912
318.6316258967773 86.92597340889347
318.6316258967773 86.92597340889347
318.6316258967773 86.92597340889347
318.6316258967773 86.92597340889347
318.6316258967773 86.92597340889347
318.6316258967773 86.92597340889347
318.6316258967773 86.92597340889347
318.6316258967773 86.92597340889347
318.6316258967773 86.92597340889347
318.6316258967773 86.92597340889347
933.0396453747771 119.65426697368511
933.0396453747771 119.65426697368511
933.0396453747771 119.65426697368511
933.0396453747771 119.65426697368511
933.0396453747771 119.65426697368511
933.0396453747771 119.65426697368511
933.0396453747771 119.65426697368511
933.0396453747771 119.65426697368511
933.0396453747771 119.65426697368511
933.0396453747771 119.65426697368511
796.1601655158744 113.83654980290933
796.1601655158744 113.83654980290933
796.1601655158744 113.83654980290933
796.1601655158744 113.83654980290933
796.1601655158744 113.83654980290933
796.1601655158744 113.83654980290933
796.1601655158744 113.83654980290933
796.1601655158744 113.83654980290933
781.5767991252702 115.24311354124774
781.5767991252702 115.24311354124774
781.5767991252702 115.24311354124774
781.5767991252702 115.24311354124774
781.5767991252702 115.24311354124774
781.5767991252702 115.24311354124774
781.5767991252702 115.24311354124774
781.5767991252702 115.24311354124774
1445.2217422842236 196.5530882083267
1445.2217422842236 196.5530882083267
1445.2217422842236 196.5530882083267
1445.2217422842236 196.5530882083267
1445.2217422842236 196.5530882083267
1445.2217422842236 196.5530882083267
1445.2217422842236 196.5530882083267
1445.2217422842236 196.5530882083267
1445.2217422842236 196.5530882083267
1184.6154975546665 145.2235646177468
1184.6154975546665 145.2235646177468
1184.6154975546665 145.2235646177468
1184.6154975546665 145.2235646177468
1184.6154975546665 145.2235646177468
1184.6154975546665 145.2235646177468
1184.6154975546665 145.2235646177468
1184.6154975546665 145.2235646177468
1184.6154975546665 145.2235646177468
1184.6154975546665 145.2235646177468
976.650680426226 125.95470371219582
976.650680426226 125.95470371219582
976.650680426226 125.95470371219582
976.650680426226 125.95470371219582
976.650680426226 125.95470371219582
976.650680426226 125.95470371219582
976.650680426226 125.95470371219582
976.650680426226 125.95470371219582
976.650680426226 125.95470371219582
976.650680426226 125.95470371219582
976.650680426226 125.95470371219582
976.650680426226 125.95470371219582
976.650680426226 125.95470371219582
905.8273188313124 122.03481459655183
905.8273188313124 122.03481459655183
905.8273188313124 122.03481459655183
905.8273188313124 122.03481459655183
905.8273188313124 122.03481459655183
905.8273188313124 122.03481459655183
905.8273188313124 122.03481459655183
905.8273188313124 122.03481459655183
905.8273188313124 122.03481459655183
905.8273188313124 122.03481459655183
905.8273188313124 122.03481459655183
-629.7786442420403 1826.1894445137123
-629.7786442420403 1826.1894445137123
-629.7786442420403 1826.1894445137123
-629.7786442420403 1826.1894445137123
-629.7786442420403 1826.1894445137123
-629.7786442420403 1826.1894445137123
-629.7786442420403 1826.1894445137123
-629.7786442420403 1826.1894445137123
-629.7786442420403 1826.1894445137123
-629.7786442420403 1826.1894445137123
-629.7786442420403 1826.1894445137123
-629.7786442420403 1826.1894445137123
-629.7786442420403 1826.1894445137123
-629.7786442420403 1826.1894445137123
-629.7786442420403 1826.1894445137123
1438.0866414317775 775.1822502164293
1438.0866414317775 775.1822502164293
1438.0866414317775 775.1822502164293
1438.0866414317775 775.1822502164293
1438.0866414317775 775.1822502164293
1438.0866414317775 775.1822502164293
1438.0866414317775 775.1822502164293
1438.0866414317775 775.1822502164293
1438.0866414317775 775.1822502164293
1438.0866414317775 775.1822502164293
1725.4871004533038 349.3449210179267
1725.4871004533038 349.3449210179267
1725.4871004533038 349.3449210179267
1725.4871004533038 349.3449210179267
1725.4871004533038 349.3449210179267
1725.4871004533038 349.3449210179267
1725.4871004533038 349.3449210179267
1725.4871004533038 349.3449210179267
1725.4871004533038 349.3449210179267
1725.4871004533038 349.3449210179267
1725.4871004533038 349.3449210179267
1500.3416770411734 201.27948227164936
1500.3416770411734 201.27948227164936
1500.3416770411734 201.27948227164936
1500.3416770411734 201.27948227164936
1500.3416770411734 201.27948227164936
1500.3416770411734 201.27948227164936
1500.3416770411734 201.27948227164936
1500.3416770411734 201.27948227164936
1500.3416770411734 201.27948227164936
1264.6272638572932 153.5021429355949
1264.6272638572932 153.5021429355949
1264.6272638572932 153.5021429355949
1264.6272638572932 153.5021429355949
1264.6272638572932 153.5021429355949
1264.6272638572932 153.5021429355949
1264.6272638572932 153.5021429355949
1264.6272638572932 153.5021429355949
1264.6272638572932 153.5021429355949
1042.3271002678073 130.38836836741993
1042.3271002678073 130.38836836741993
1042.3271002678073 130.38836836741993
1042.3271002678073 130.38836836741993
1042.3271002678073 130.38836836741993
1042.3271002678073 130.38836836741993
1042.3271002678073 130.38836836741993
1042.3271002678073 130.38836836741993
1042.3271002678073 130.38836836741993
1042.3271002678073 130.38836836741993
937.0910145182152 124.24322297492066
937.0910145182152 124.24322297492066
937.0910145182152 124.24322297492066
937.0910145182152 124.24322297492066
937.0910145182152 124.24322297492066
937.0910145182152 124.24322297492066
937.0910145182152 124.24322297492066
937.0910145182152 124.24322297492066
937.0910145182152 124.24322297492066
937.0910145182152 124.24322297492066
866.3564962968945 121.19839409011928
866.3564962968945 121.19839409011928
866.3564962968945 121.19839409011928
866.3564962968945 121.19839409011928
866.3564962968945 121.19839409011928
866.3564962968945 121.19839409011928
866.3564962968945 121.19839409011928
866.3564962968945 121.19839409011928
866.3564962968945 121.19839409011928
719.1188025724892 117.43848652090932
719.1188025724892 117.43848652090932
719.1188025724892 117.43848652090932
719.1188025724892 117.43848652090932
719.1188025724892 117.43848652090932
719.1188025724892 117.43848652090932
719.1188025724892 117.43848652090932
719.1188025724892 117.43848652090932
719.1188025724892 117.43848652090932
719.1188025724892 117.43848652090932
519.5081286105278 117.19406409183196
519.5081286105278 117.19406409183196
519.5081286105278 117.19406409183196
519.5081286105278 117.19406409183196
519.5081286105278 117.19406409183196
519.5081286105278 117.19406409183196
519.5081286105278 117.19406409183196
519.5081286105278 117.19406409183196
519.5081286105278 117.19406409183196
454.3954989477697 116.99636171637508
454.3954989477697 116.99636171637508
454.3954989477697 116.99636171637508
454.3954989477697 116.99636171637508
454.3954989477697 116.99636171637508
454.3954989477697 116.99636171637508
454.3954989477697 116.99636171637508
454.3954989477697 116.99636171637508
454.3954989477697 116.99636171637508
472.53715976216347 117.11027873153148
472.53715976216347 117.11027873153148
472.53715976216347 117.11027873153148
472.53715976216347 117.11027873153148
472.53715976216347 117.11027873153148
472.53715976216347 117.11027873153148
472.53715976216347 117.11027873153148
472.53715976216347 117.11027873153148
472.53715976216347 117.11027873153148
410.2780903763308 118.02554557613442
410.2780903763308 118.02554557613442
410.2780903763308 118.02554557613442
410.2780903763308 118.02554557613442
410.2780903763308 118.02554557613442
410.2780903763308 118.02554557613442
410.2780903763308 118.02554557613442
410.2780903763308 118.02554557613442
410.2780903763308 118.02554557613442
410.2780903763308 118.02554557613442
444.9018569080695 117.4340664619431
444.9018569080695 117.4340664619431
444.9018569080695 117.4340664619431
444.9018569080695 117.4340664619431
444.9018569080695 117.4340664619431
444.9018569080695 117.4340664619431
444.9018569080695 117.4340664619431
444.9018569080695 117.4340664619431
444.9018569080695 117.4340664619431
575.5597605756728 115.93360166660048
575.5597605756728 115.93360166660048
575.5597605756728 115.93360166660048
575.5597605756728 115.93360166660048
575.5597605756728 115.93360166660048
575.5597605756728 115.93360166660048
575.5597605756728 115.93360166660048
575.5597605756728 115.93360166660048
575.5597605756728 115.93360166660048
617.4921807613109 116.04823768447605
617.4921807613109 116.04823768447605
617.4921807613109 116.04823768447605
617.4921807613109 116.04823768447605
617.4921807613109 116.04823768447605
617.4921807613109 116.04823768447605
617.4921807613109 116.04823768447605
617.4921807613109 116.04823768447605
617.4921807613109 116.04823768447605
617.4921807613109 116.04823768447605
566.3728264040132 116.11755802245054
566.3728264040132 116.11755802245054
566.3728264040132 116.11755802245054
566.3728264040132 116.11755802245054
566.3728264040132 116.11755802245054
566.3728264040132 116.11755802245054
566.3728264040132 116.11755802245054
566.3728264040132 116.11755802245054
566.3728264040132 116.11755802245054
394.8012786319254 118.06590883804128
394.8012786319254 118.06590883804128
394.8012786319254 118.06590883804128
394.8012786319254 118.06590883804128
394.8012786319254 118.06590883804128
394.8012786319254 118.06590883804128
394.8012786319254 118.06590883804128
394.8012786319254 118.06590883804128
394.8012786319254 118.06590883804128
