262.4831872188844 170.329987529965
262.4831872188844 170.329987529965
262.4831872188844 170.329987529965
262.4831872188844 170.329987529965
262.4831872188844 170.329987529965
226.78862700109875 182.21391227123232
226.78862700109875 182.21391227123232
226.78862700109875 182.21391227123232
226.78862700109875 182.21391227123232
226.78862700109875 182.21391227123232
226.78862700109875 182.21391227123232
226.78862700109875 182.21391227123232
226.78862700109875 182.21391227123232
226.78862700109875 182.21391227123232
226.78862700109875 182.21391227123232
251.13659043801368 176.50244883373352
251.13659043801368 176.50244883373352
251.13659043801368 176.50244883373352
251.13659043801368 176.50244883373352
251.13659043801368 176.50244883373352
251.13659043801368 176.50244883373352
251.13659043801368 176.50244883373352
251.13659043801368 176.50244883373352
251.13659043801368 176.50244883373352
251.13659043801368 176.50244883373352
251.13659043801368 176.50244883373352
339.69833356301586 157.1719995781153
339.69833356301586 157.1719995781153
339.69833356301586 157.1719995781153
339.69833356301586 157.1719995781153
339.69833356301586 157.1719995781153
339.69833356301586 157.1719995781153
339.69833356301586 157.1719995781153
339.69833356301586 157.1719995781153
339.69833356301586 157.1719995781153
339.69833356301586 157.1719995781153
339.69833356301586 157.1719995781153
339.69833356301586 157.1719995781153
509.3361240538029 127.89432502433758
509.3361240538029 127.89432502433758
509.3361240538029 127.89432502433758
509.3361240538029 127.89432502433758
509.3361240538029 127.89432502433758
509.3361240538029 127.89432502433758
509.3361240538029 127.89432502433758
509.3361240538029 127.89432502433758
509.3361240538029 127.89432502433758
509.3361240538029 127.89432502433758
509.3361240538029 127.89432502433758
624.0286565869712 113.88699885504963
624.0286565869712 113.88699885504963
624.0286565869712 113.88699885504963
624.0286565869712 113.88699885504963
624.0286565869712 113.88699885504963
624.0286565869712 113.88699885504963
624.0286565869712 113.88699885504963
624.0286565869712 113.88699885504963
624.0286565869712 113.88699885504963
624.0286565869712 113.88699885504963
624.0286565869712 113.88699885504963
680.1898999336913 108.15628586336317
680.1898999336913 108.15628586336317
680.1898999336913 108.15628586336317
680.1898999336913 108.15628586336317
680.1898999336913 108.15628586336317
680.1898999336913 108.15628586336317
680.1898999336913 108.15628586336317
680.1898999336913 108.15628586336317
680.1898999336913 108.15628586336317
680.1898999336913 108.15628586336317
680.1898999336913 108.15628586336317
680.1898999336913 108.15628586336317
696.2674984713763 108.94062150320826
696.2674984713763 108.94062150320826
696.2674984713763 108.94062150320826
696.2674984713763 108.94062150320826
696.2674984713763 108.94062150320826
696.2674984713763 108.94062150320826
696.2674984713763 108.94062150320826
696.2674984713763 108.94062150320826
696.2674984713763 108.94062150320826
696.2674984713763 108.94062150320826
696.2674984713763 108.94062150320826
711.3657369466127 106.0751518525984
711.3657369466127 106.0751518525984
711.3657369466127 106.0751518525984
711.3657369466127 106.0751518525984
711.3657369466127 106.0751518525984
711.3657369466127 106.0751518525984
711.3657369466127 106.0751518525984
711.3657369466127 106.0751518525984
711.3657369466127 106.0751518525984
711.3657369466127 106.0751518525984
711.3657369466127 106.0751518525984
738.2928566947284 105.05763500292812
738.2928566947284 105.05763500292812
738.2928566947284 105.05763500292812
738.2928566947284 105.05763500292812
738.2928566947284 105.05763500292812
738.2928566947284 105.05763500292812
738.2928566947284 105.05763500292812
738.2928566947284 105.05763500292812
738.2928566947284 105.05763500292812
738.2928566947284 105.05763500292812
738.2928566947284 105.05763500292812
724.4682007351853 102.76514232980344
724.4682007351853 102.76514232980344
724.4682007351853 102.76514232980344
724.4682007351853 102.76514232980344
724.4682007351853 102.76514232980344
724.4682007351853 102.76514232980344
724.4682007351853 102.76514232980344
724.4682007351853 102.76514232980344
724.4682007351853 102.76514232980344
724.4682007351853 102.76514232980344
724.4682007351853 102.76514232980344
745.1297529082391 101.42376258235194
745.1297529082391 101.42376258235194
745.1297529082391 101.42376258235194
745.1297529082391 101.42376258235194
745.1297529082391 101.42376258235194
745.1297529082391 101.42376258235194
745.1297529082391 101.42376258235194
745.1297529082391 101.42376258235194
745.1297529082391 101.42376258235194
745.1297529082391 101.42376258235194
745.1297529082391 101.42376258235194
745.1297529082391 101.42376258235194
773.4842932092032 102.41527578907673
773.4842932092032 102.41527578907673
773.4842932092032 102.41527578907673
773.4842932092032 102.41527578907673
773.4842932092032 102.41527578907673
773.4842932092032 102.41527578907673
773.4842932092032 102.41527578907673
773.4842932092032 102.41527578907673
773.4842932092032 102.41527578907673
773.4842932092032 102.41527578907673
773.4842932092032 102.41527578907673
773.4842932092032 102.41527578907673
746.3696346413387 103.33574593784607
746.3696346413387 103.33574593784607
746.3696346413387 103.33574593784607
746.3696346413387 103.33574593784607
746.3696346413387 103.33574593784607
746.3696346413387 103.33574593784607
746.3696346413387 103.33574593784607
746.3696346413387 103.33574593784607
746.3696346413387 103.33574593784607
746.3696346413387 103.33574593784607
746.3696346413387 103.33574593784607
745.3719732216225 104.18027403638823
745.3719732216225 104.18027403638823
745.3719732216225 104.18027403638823
745.3719732216225 104.18027403638823
745.3719732216225 104.18027403638823
745.3719732216225 104.18027403638823
745.3719732216225 104.18027403638823
745.3719732216225 104.18027403638823
745.3719732216225 104.18027403638823
745.3719732216225 104.18027403638823
745.3719732216225 104.18027403638823
745.3719732216225 104.18027403638823
741.8425991860238 105.46565250491233
741.8425991860238 105.46565250491233
741.8425991860238 105.46565250491233
741.8425991860238 105.46565250491233
741.8425991860238 105.46565250491233
741.8425991860238 105.46565250491233
741.8425991860238 105.46565250491233
741.8425991860238 105.46565250491233
741.8425991860238 105.46565250491233
741.8425991860238 105.46565250491233
741.8425991860238 105.46565250491233
724.2765354019249 104.98833974849441
724.2765354019249 104.98833974849441
724.2765354019249 104.98833974849441
724.2765354019249 104.98833974849441
724.2765354019249 104.98833974849441
724.2765354019249 104.98833974849441
724.2765354019249 104.98833974849441
724.2765354019249 104.98833974849441
724.2765354019249 104.98833974849441
724.2765354019249 104.98833974849441
724.2765354019249 104.98833974849441
755.1479168247969 103.68591461898404
755.1479168247969 103.68591461898404
755.1479168247969 103.68591461898404
755.1479168247969 103.68591461898404
755.1479168247969 103.68591461898404
755.1479168247969 103.68591461898404
755.1479168247969 103.68591461898404
755.1479168247969 103.68591461898404
755.1479168247969 103.68591461898404
755.1479168247969 103.68591461898404
755.1479168247969 103.68591461898404
730.8110547724389 104.51841876874425
730.8110547724389 104.51841876874425
730.8110547724389 104.51841876874425
730.8110547724389 104.51841876874425
730.8110547724389 104.51841876874425
730.8110547724389 104.51841876874425
730.8110547724389 104.51841876874425
730.8110547724389 104.51841876874425
730.8110547724389 104.51841876874425
730.8110547724389 104.51841876874425
730.8110547724389 104.51841876874425
722.342004311411 106.56473365114815
722.342004311411 106.56473365114815
722.342004311411 106.56473365114815
722.342004311411 106.56473365114815
722.342004311411 106.56473365114815
722.342004311411 106.56473365114815
722.342004311411 106.56473365114815
722.342004311411 106.56473365114815
722.342004311411 106.56473365114815
722.342004311411 106.56473365114815
722.342004311411 106.56473365114815
738.5694684917607 102.43052939266803
738.5694684917607 102.43052939266803
738.5694684917607 102.43052939266803
738.5694684917607 102.43052939266803
738.5694684917607 102.43052939266803
738.5694684917607 102.43052939266803
738.5694684917607 102.43052939266803
738.5694684917607 102.43052939266803
738.5694684917607 102.43052939266803
738.5694684917607 102.43052939266803
738.5694684917607 102.43052939266803
738.5694684917607 102.43052939266803
611.9182058589319 118.81709791624357
611.9182058589319 118.81709791624357
611.9182058589319 118.81709791624357
611.9182058589319 118.81709791624357
611.9182058589319 118.81709791624357
611.9182058589319 118.81709791624357
611.9182058589319 118.81709791624357
611.9182058589319 118.81709791624357
611.9182058589319 118.81709791624357
611.9182058589319 118.81709791624357
611.9182058589319 118.81709791624357
611.9182058589319 118.81709791624357
634.4398995769369 112.10314699554147
634.4398995769369 112.10314699554147
634.4398995769369 112.10314699554147
634.4398995769369 112.10314699554147
634.4398995769369 112.10314699554147
634.4398995769369 112.10314699554147
634.4398995769369 112.10314699554147
634.4398995769369 112.10314699554147
634.4398995769369 112.10314699554147
634.4398995769369 112.10314699554147
634.4398995769369 112.10314699554147
634.4398995769369 112.10314699554147
648.8960067771915 108.04498876089372
648.8960067771915 108.04498876089372
648.8960067771915 108.04498876089372
648.8960067771915 108.04498876089372
648.8960067771915 108.04498876089372
648.8960067771915 108.04498876089372
648.8960067771915 108.04498876089372
648.8960067771915 108.04498876089372
648.8960067771915 108.04498876089372
648.8960067771915 108.04498876089372
648.8960067771915 108.04498876089372
654.4898329293106 104.90147774860225
654.4898329293106 104.90147774860225
654.4898329293106 104.90147774860225
654.4898329293106 104.90147774860225
654.4898329293106 104.90147774860225
654.4898329293106 104.90147774860225
654.4898329293106 104.90147774860225
654.4898329293106 104.90147774860225
654.4898329293106 104.90147774860225
654.4898329293106 104.90147774860225
654.4898329293106 104.90147774860225
665.0676271349671 105.06614531236974
665.0676271349671 105.06614531236974
665.0676271349671 105.06614531236974
665.0676271349671 105.06614531236974
665.0676271349671 105.06614531236974
665.0676271349671 105.06614531236974
665.0676271349671 105.06614531236974
665.0676271349671 105.06614531236974
665.0676271349671 105.06614531236974
665.0676271349671 105.06614531236974
665.0676271349671 105.06614531236974
697.6645030828029 103.07485102075717
697.6645030828029 103.07485102075717
697.6645030828029 103.07485102075717
697.6645030828029 103.07485102075717
697.6645030828029 103.07485102075717
697.6645030828029 103.07485102075717
697.6645030828029 103.07485102075717
697.6645030828029 103.07485102075717
697.6645030828029 103.07485102075717
697.6645030828029 103.07485102075717
697.6645030828029 103.07485102075717
697.6645030828029 103.07485102075717
709.6074145190463 101.51687398458944
709.6074145190463 101.51687398458944
709.6074145190463 101.51687398458944
709.6074145190463 101.51687398458944
709.6074145190463 101.51687398458944
709.6074145190463 101.51687398458944
709.6074145190463 101.51687398458944
709.6074145190463 101.51687398458944
709.6074145190463 101.51687398458944
709.6074145190463 101.51687398458944
709.6074145190463 101.51687398458944
709.6074145190463 101.51687398458944
710.6752953588264 100.33056862290624
710.6752953588264 100.33056862290624
710.6752953588264 100.33056862290624
710.6752953588264 100.33056862290624
710.6752953588264 100.33056862290624
710.6752953588264 100.33056862290624
710.6752953588264 100.33056862290624
710.6752953588264 100.33056862290624
710.6752953588264 100.33056862290624
710.6752953588264 100.33056862290624
710.6752953588264 100.33056862290624
713.7815377042879 99.93876886034624
713.7815377042879 99.93876886034624
713.7815377042879 99.93876886034624
713.7815377042879 99.93876886034624
713.7815377042879 99.93876886034624
713.7815377042879 99.93876886034624
713.7815377042879 99.93876886034624
713.7815377042879 99.93876886034624
713.7815377042879 99.93876886034624
713.7815377042879 99.93876886034624
713.7815377042879 99.93876886034624
720.0264024214656 100.40572447982632
720.0264024214656 100.40572447982632
720.0264024214656 100.40572447982632
720.0264024214656 100.40572447982632
720.0264024214656 100.40572447982632
720.0264024214656 100.40572447982632
720.0264024214656 100.40572447982632
720.0264024214656 100.40572447982632
720.0264024214656 100.40572447982632
720.0264024214656 100.40572447982632
720.0264024214656 100.40572447982632
720.0264024214656 100.40572447982632
742.1060841787352 97.89644390266892
742.1060841787352 97.89644390266892
742.1060841787352 97.89644390266892
742.1060841787352 97.89644390266892
742.1060841787352 97.89644390266892
742.1060841787352 97.89644390266892
742.1060841787352 97.89644390266892
742.1060841787352 97.89644390266892
742.1060841787352 97.89644390266892
742.1060841787352 97.89644390266892
742.1060841787352 97.89644390266892
718.4322373933809 99.73092906424617
718.4322373933809 99.73092906424617
718.4322373933809 99.73092906424617
718.4322373933809 99.73092906424617
718.4322373933809 99.73092906424617
718.4322373933809 99.73092906424617
718.4322373933809 99.73092906424617
718.4322373933809 99.73092906424617
718.4322373933809 99.73092906424617
718.4322373933809 99.73092906424617
718.4322373933809 99.73092906424617
711.6595854588443 100.78493809306184
711.6595854588443 100.78493809306184
711.6595854588443 100.78493809306184
711.6595854588443 100.78493809306184
711.6595854588443 100.78493809306184
711.6595854588443 100.78493809306184
711.6595854588443 100.78493809306184
711.6595854588443 100.78493809306184
711.6595854588443 100.78493809306184
711.6595854588443 100.78493809306184
718.8104109956065 99.83231705642444
718.8104109956065 99.83231705642444
718.8104109956065 99.83231705642444
718.8104109956065 99.83231705642444
718.8104109956065 99.83231705642444
718.8104109956065 99.83231705642444
718.8104109956065 99.83231705642444
718.8104109956065 99.83231705642444
718.8104109956065 99.83231705642444
718.8104109956065 99.83231705642444
718.8104109956065 99.83231705642444
718.8104109956065 99.83231705642444
706.6310147628217 100.3945941096824
706.6310147628217 100.3945941096824
706.6310147628217 100.3945941096824
706.6310147628217 100.3945941096824
706.6310147628217 100.3945941096824
706.6310147628217 100.3945941096824
706.6310147628217 100.3945941096824
706.6310147628217 100.3945941096824
706.6310147628217 100.3945941096824
706.6310147628217 100.3945941096824
706.6310147628217 100.3945941096824
705.8686668622597 99.5753596558136
705.8686668622597 99.5753596558136
705.8686668622597 99.5753596558136
705.8686668622597 99.5753596558136
705.8686668622597 99.5753596558136
705.8686668622597 99.5753596558136
705.8686668622597 99.5753596558136
705.8686668622597 99.5753596558136
705.8686668622597 99.5753596558136
705.8686668622597 99.5753596558136
704.6989366277478 98.7667948813071
704.6989366277478 98.7667948813071
704.6989366277478 98.7667948813071
704.6989366277478 98.7667948813071
704.6989366277478 98.7667948813071
704.6989366277478 98.7667948813071
704.6989366277478 98.7667948813071
704.6989366277478 98.7667948813071
704.6989366277478 98.7667948813071
704.6989366277478 98.7667948813071
704.6989366277478 98.7667948813071
704.6989366277478 98.7667948813071
756.0644153782853 99.93406615295245
756.0644153782853 99.93406615295245
756.0644153782853 99.93406615295245
756.0644153782853 99.93406615295245
756.0644153782853 99.93406615295245
756.0644153782853 99.93406615295245
756.0644153782853 99.93406615295245
756.0644153782853 99.93406615295245
756.0644153782853 99.93406615295245
756.0644153782853 99.93406615295245
756.0644153782853 99.93406615295245
737.6636199991697 97.5017536452302
737.6636199991697 97.5017536452302
737.6636199991697 97.5017536452302
737.6636199991697 97.5017536452302
737.6636199991697 97.5017536452302
737.6636199991697 97.5017536452302
737.6636199991697 97.5017536452302
737.6636199991697 97.5017536452302
737.6636199991697 97.5017536452302
737.6636199991697 97.5017536452302
737.6636199991697 97.5017536452302
737.6636199991697 97.5017536452302
737.6789076027599 97.60366425476334
737.6789076027599 97.60366425476334
737.6789076027599 97.60366425476334
737.6789076027599 97.60366425476334
737.6789076027599 97.60366425476334
737.6789076027599 97.60366425476334
737.6789076027599 97.60366425476334
737.6789076027599 97.60366425476334
737.6789076027599 97.60366425476334
737.6789076027599 97.60366425476334
737.6789076027599 97.60366425476334
723.4385226410407 100.0130810273979
723.4385226410407 100.0130810273979
723.4385226410407 100.0130810273979
723.4385226410407 100.0130810273979
723.4385226410407 100.0130810273979
723.4385226410407 100.0130810273979
723.4385226410407 100.0130810273979
723.4385226410407 100.0130810273979
723.4385226410407 100.0130810273979
723.4385226410407 100.0130810273979
723.4385226410407 100.0130810273979
747.5111768562712 99.29566626965195
747.5111768562712 99.29566626965195
747.5111768562712 99.29566626965195
747.5111768562712 99.29566626965195
747.5111768562712 99.29566626965195
747.5111768562712 99.29566626965195
747.5111768562712 99.29566626965195
747.5111768562712 99.29566626965195
747.5111768562712 99.29566626965195
747.5111768562712 99.29566626965195
747.5111768562712 99.29566626965195
733.8107357975565 99.7825164168068
733.8107357975565 99.7825164168068
733.8107357975565 99.7825164168068
733.8107357975565 99.7825164168068
733.8107357975565 99.7825164168068
733.8107357975565 99.7825164168068
733.8107357975565 99.7825164168068
733.8107357975565 99.7825164168068
733.8107357975565 99.7825164168068
733.8107357975565 99.7825164168068
733.8107357975565 99.7825164168068
720.3799681073918 100.1678532227906
720.3799681073918 100.1678532227906
720.3799681073918 100.1678532227906
720.3799681073918 100.1678532227906
720.3799681073918 100.1678532227906
720.3799681073918 100.1678532227906
720.3799681073918 100.1678532227906
720.3799681073918 100.1678532227906
720.3799681073918 100.1678532227906
720.3799681073918 100.1678532227906
720.3799681073918 100.1678532227906
720.3799681073918 100.1678532227906
703.548675850072 99.2363326044696
703.548675850072 99.2363326044696
703.548675850072 99.2363326044696
703.548675850072 99.2363326044696
703.548675850072 99.2363326044696
703.548675850072 99.2363326044696
703.548675850072 99.2363326044696
703.548675850072 99.2363326044696
703.548675850072 99.2363326044696
703.548675850072 99.2363326044696
703.548675850072 99.2363326044696
706.2838102485741 98.10676040008366
706.2838102485741 98.10676040008366
706.2838102485741 98.10676040008366
706.2838102485741 98.10676040008366
706.2838102485741 98.10676040008366
706.2838102485741 98.10676040008366
706.2838102485741 98.10676040008366
706.2838102485741 98.10676040008366
706.2838102485741 98.10676040008366
706.2838102485741 98.10676040008366
706.2838102485741 98.10676040008366
712.2351019680373 99.5662378526462
712.2351019680373 99.5662378526462
712.2351019680373 99.5662378526462
712.2351019680373 99.5662378526462
712.2351019680373 99.5662378526462
712.2351019680373 99.5662378526462
712.2351019680373 99.5662378526462
712.2351019680373 99.5662378526462
712.2351019680373 99.5662378526462
712.2351019680373 99.5662378526462
712.2351019680373 99.5662378526462
717.3375116742087 100.31684127335839
717.3375116742087 100.31684127335839
717.3375116742087 100.31684127335839
717.3375116742087 100.31684127335839
717.3375116742087 100.31684127335839
717.3375116742087 100.31684127335839
717.3375116742087 100.31684127335839
717.3375116742087 100.31684127335839
717.3375116742087 100.31684127335839
717.3375116742087 100.31684127335839
717.3375116742087 100.31684127335839
717.3375116742087 100.31684127335839
727.2048941481643 98.29162858592653
727.2048941481643 98.29162858592653
727.2048941481643 98.29162858592653
727.2048941481643 98.29162858592653
727.2048941481643 98.29162858592653
727.2048941481643 98.29162858592653
727.2048941481643 98.29162858592653
727.2048941481643 98.29162858592653
727.2048941481643 98.29162858592653
727.2048941481643 98.29162858592653
727.2048941481643 98.29162858592653
728.4888594380543 98.44929789726618
728.4888594380543 98.44929789726618
728.4888594380543 98.44929789726618
728.4888594380543 98.44929789726618
728.4888594380543 98.44929789726618
728.4888594380543 98.44929789726618
728.4888594380543 98.44929789726618
728.4888594380543 98.44929789726618
728.4888594380543 98.44929789726618
728.4888594380543 98.44929789726618
728.4888594380543 98.44929789726618
728.4888594380543 98.44929789726618
727.5398476536512 98.01063099866909
727.5398476536512 98.01063099866909
727.5398476536512 98.01063099866909
727.5398476536512 98.01063099866909
727.5398476536512 98.01063099866909
727.5398476536512 98.01063099866909
727.5398476536512 98.01063099866909
727.5398476536512 98.01063099866909
727.5398476536512 98.01063099866909
727.5398476536512 98.01063099866909
727.5398476536512 98.01063099866909
727.5398476536512 98.01063099866909
740.196435513899 96.09210986758464
740.196435513899 96.09210986758464
740.196435513899 96.09210986758464
740.196435513899 96.09210986758464
740.196435513899 96.09210986758464
740.196435513899 96.09210986758464
740.196435513899 96.09210986758464
740.196435513899 96.09210986758464
740.196435513899 96.09210986758464
740.196435513899 96.09210986758464
740.196435513899 96.09210986758464
740.196435513899 96.09210986758464
722.01297229282 97.91300046640652
722.01297229282 97.91300046640652
722.01297229282 97.91300046640652
722.01297229282 97.91300046640652
722.01297229282 97.91300046640652
722.01297229282 97.91300046640652
722.01297229282 97.91300046640652
722.01297229282 97.91300046640652
722.01297229282 97.91300046640652
722.01297229282 97.91300046640652
722.01297229282 97.91300046640652
718.7954873891683 99.47058490317752
718.7954873891683 99.47058490317752
718.7954873891683 99.47058490317752
718.7954873891683 99.47058490317752
718.7954873891683 99.47058490317752
718.7954873891683 99.47058490317752
718.7954873891683 99.47058490317752
718.7954873891683 99.47058490317752
718.7954873891683 99.47058490317752
718.7954873891683 99.47058490317752
718.7954873891683 99.47058490317752
718.2313254591511 100.07701933901683
718.2313254591511 100.07701933901683
718.2313254591511 100.07701933901683
718.2313254591511 100.07701933901683
718.2313254591511 100.07701933901683
718.2313254591511 100.07701933901683
718.2313254591511 100.07701933901683
718.2313254591511 100.07701933901683
718.2313254591511 100.07701933901683
718.2313254591511 100.07701933901683
718.2313254591511 100.07701933901683
718.2313254591511 100.07701933901683
726.0771258344793 99.60688636974885
726.0771258344793 99.60688636974885
726.0771258344793 99.60688636974885
726.0771258344793 99.60688636974885
726.0771258344793 99.60688636974885
726.0771258344793 99.60688636974885
726.0771258344793 99.60688636974885
726.0771258344793 99.60688636974885
726.0771258344793 99.60688636974885
726.0771258344793 99.60688636974885
708.6842810034849 100.57496807183833
708.6842810034849 100.57496807183833
708.6842810034849 100.57496807183833
708.6842810034849 100.57496807183833
708.6842810034849 100.57496807183833
708.6842810034849 100.57496807183833
708.6842810034849 100.57496807183833
708.6842810034849 100.57496807183833
708.6842810034849 100.57496807183833
708.6842810034849 100.57496807183833
708.6842810034849 100.57496807183833
701.2255753463908 100.44315628672499
701.2255753463908 100.44315628672499
701.2255753463908 100.44315628672499
701.2255753463908 100.44315628672499
701.2255753463908 100.44315628672499
701.2255753463908 100.44315628672499
701.2255753463908 100.44315628672499
701.2255753463908 100.44315628672499
701.2255753463908 100.44315628672499
701.2255753463908 100.44315628672499
701.2255753463908 100.44315628672499
701.2255753463908 100.44315628672499
718.0448975218824 99.31629594316101
718.0448975218824 99.31629594316101
718.0448975218824 99.31629594316101
718.0448975218824 99.31629594316101
718.0448975218824 99.31629594316101
718.0448975218824 99.31629594316101
718.0448975218824 99.31629594316101
718.0448975218824 99.31629594316101
718.0448975218824 99.31629594316101
718.0448975218824 99.31629594316101
718.0448975218824 99.31629594316101
700.407283819396 101.18440569232379
700.407283819396 101.18440569232379
700.407283819396 101.18440569232379
700.407283819396 101.18440569232379
700.407283819396 101.18440569232379
700.407283819396 101.18440569232379
700.407283819396 101.18440569232379
700.407283819396 101.18440569232379
700.407283819396 101.18440569232379
700.407283819396 101.18440569232379
711.3239232708817 97.77906285315842
711.3239232708817 97.77906285315842
711.3239232708817 97.77906285315842
711.3239232708817 97.77906285315842
711.3239232708817 97.77906285315842
711.3239232708817 97.77906285315842
711.3239232708817 97.77906285315842
711.3239232708817 97.77906285315842
711.3239232708817 97.77906285315842
711.3239232708817 97.77906285315842
711.3239232708817 97.77906285315842
706.7312027838063 96.19970002788568
706.7312027838063 96.19970002788568
706.7312027838063 96.19970002788568
706.7312027838063 96.19970002788568
706.7312027838063 96.19970002788568
706.7312027838063 96.19970002788568
706.7312027838063 96.19970002788568
706.7312027838063 96.19970002788568
706.7312027838063 96.19970002788568
706.7312027838063 96.19970002788568
706.7312027838063 96.19970002788568
702.5366160197188 96.72268751376089
702.5366160197188 96.72268751376089
702.5366160197188 96.72268751376089
702.5366160197188 96.72268751376089
702.5366160197188 96.72268751376089
702.5366160197188 96.72268751376089
702.5366160197188 96.72268751376089
702.5366160197188 96.72268751376089
702.5366160197188 96.72268751376089
702.5366160197188 96.72268751376089
702.5366160197188 96.72268751376089
686.2374177985894 96.43987580726812
686.2374177985894 96.43987580726812
686.2374177985894 96.43987580726812
686.2374177985894 96.43987580726812
686.2374177985894 96.43987580726812
686.2374177985894 96.43987580726812
686.2374177985894 96.43987580726812
686.2374177985894 96.43987580726812
686.2374177985894 96.43987580726812
686.2374177985894 96.43987580726812
686.2374177985894 96.43987580726812
686.2374177985894 96.43987580726812
702.0019964493196 96.31116443953681
702.0019964493196 96.31116443953681
702.0019964493196 96.31116443953681
702.0019964493196 96.31116443953681
702.0019964493196 96.31116443953681
702.0019964493196 96.31116443953681
702.0019964493196 96.31116443953681
702.0019964493196 96.31116443953681
702.0019964493196 96.31116443953681
702.0019964493196 96.31116443953681
702.0019964493196 96.31116443953681
705.7943063353681 96.92072388515709
705.7943063353681 96.92072388515709
705.7943063353681 96.92072388515709
705.7943063353681 96.92072388515709
705.7943063353681 96.92072388515709
705.7943063353681 96.92072388515709
705.7943063353681 96.92072388515709
705.7943063353681 96.92072388515709
705.7943063353681 96.92072388515709
705.7943063353681 96.92072388515709
705.7943063353681 96.92072388515709
717.9579796887398 95.12394412642774
717.9579796887398 95.12394412642774
717.9579796887398 95.12394412642774
717.9579796887398 95.12394412642774
717.9579796887398 95.12394412642774
717.9579796887398 95.12394412642774
717.9579796887398 95.12394412642774
717.9579796887398 95.12394412642774
717.9579796887398 95.12394412642774
717.9579796887398 95.12394412642774
717.9579796887398 95.12394412642774
703.2224946266231 96.98271899302318
703.2224946266231 96.98271899302318
703.2224946266231 96.98271899302318
703.2224946266231 96.98271899302318
703.2224946266231 96.98271899302318
703.2224946266231 96.98271899302318
703.2224946266231 96.98271899302318
703.2224946266231 96.98271899302318
703.2224946266231 96.98271899302318
703.2224946266231 96.98271899302318
703.2224946266231 96.98271899302318
698.6770251746884 98.12466509971767
698.6770251746884 98.12466509971767
698.6770251746884 98.12466509971767
698.6770251746884 98.12466509971767
698.6770251746884 98.12466509971767
698.6770251746884 98.12466509971767
698.6770251746884 98.12466509971767
698.6770251746884 98.12466509971767
698.6770251746884 98.12466509971767
698.6770251746884 98.12466509971767
698.6770251746884 98.12466509971767
704.7079104814732 98.27574095212202
704.7079104814732 98.27574095212202
704.7079104814732 98.27574095212202
704.7079104814732 98.27574095212202
704.7079104814732 98.27574095212202
704.7079104814732 98.27574095212202
704.7079104814732 98.27574095212202
704.7079104814732 98.27574095212202
704.7079104814732 98.27574095212202
704.7079104814732 98.27574095212202
704.7079104814732 98.27574095212202
665.1663106889832 99.15278213788588
665.1663106889832 99.15278213788588
665.1663106889832 99.15278213788588
665.1663106889832 99.15278213788588
665.1663106889832 99.15278213788588
665.1663106889832 99.15278213788588
665.1663106889832 99.15278213788588
665.1663106889832 99.15278213788588
665.1663106889832 99.15278213788588
665.1663106889832 99.15278213788588
665.1663106889832 99.15278213788588
671.4755362741779 97.7420059897583
671.4755362741779 97.7420059897583
671.4755362741779 97.7420059897583
671.4755362741779 97.7420059897583
671.4755362741779 97.7420059897583
671.4755362741779 97.7420059897583
671.4755362741779 97.7420059897583
671.4755362741779 97.7420059897583
671.4755362741779 97.7420059897583
671.4755362741779 97.7420059897583
671.4755362741779 97.7420059897583
671.4755362741779 97.7420059897583
657.7854454873332 99.64419686130299
657.7854454873332 99.64419686130299
657.7854454873332 99.64419686130299
657.7854454873332 99.64419686130299
657.7854454873332 99.64419686130299
657.7854454873332 99.64419686130299
657.7854454873332 99.64419686130299
657.7854454873332 99.64419686130299
657.7854454873332 99.64419686130299
657.7854454873332 99.64419686130299
657.7854454873332 99.64419686130299
661.1039854885287 100.70167167458891
661.1039854885287 100.70167167458891
661.1039854885287 100.70167167458891
661.1039854885287 100.70167167458891
661.1039854885287 100.70167167458891
661.1039854885287 100.70167167458891
661.1039854885287 100.70167167458891
661.1039854885287 100.70167167458891
661.1039854885287 100.70167167458891
661.1039854885287 100.70167167458891
661.1039854885287 100.70167167458891
653.053882747389 101.25117062938793
653.053882747389 101.25117062938793
653.053882747389 101.25117062938793
653.053882747389 101.25117062938793
653.053882747389 101.25117062938793
653.053882747389 101.25117062938793
653.053882747389 101.25117062938793
653.053882747389 101.25117062938793
653.053882747389 101.25117062938793
653.053882747389 101.25117062938793
653.053882747389 101.25117062938793
653.053882747389 101.25117062938793
642.4104746933549 101.70073090443137
642.4104746933549 101.70073090443137
642.4104746933549 101.70073090443137
642.4104746933549 101.70073090443137
642.4104746933549 101.70073090443137
642.4104746933549 101.70073090443137
642.4104746933549 101.70073090443137
642.4104746933549 101.70073090443137
642.4104746933549 101.70073090443137
642.4104746933549 101.70073090443137
642.4104746933549 101.70073090443137
651.2508683365454 101.54987369621387
651.2508683365454 101.54987369621387
651.2508683365454 101.54987369621387
651.2508683365454 101.54987369621387
651.2508683365454 101.54987369621387
651.2508683365454 101.54987369621387
651.2508683365454 101.54987369621387
651.2508683365454 101.54987369621387
651.2508683365454 101.54987369621387
651.2508683365454 101.54987369621387
651.2508683365454 101.54987369621387
645.7170792545277 101.04279450826076
645.7170792545277 101.04279450826076
645.7170792545277 101.04279450826076
645.7170792545277 101.04279450826076
645.7170792545277 101.04279450826076
645.7170792545277 101.04279450826076
645.7170792545277 101.04279450826076
645.7170792545277 101.04279450826076
645.7170792545277 101.04279450826076
645.7170792545277 101.04279450826076
645.7170792545277 101.04279450826076
551.1322629166908 111.4395803171549
551.1322629166908 111.4395803171549
551.1322629166908 111.4395803171549
551.1322629166908 111.4395803171549
551.1322629166908 111.4395803171549
551.1322629166908 111.4395803171549
551.1322629166908 111.4395803171549
551.1322629166908 111.4395803171549
551.1322629166908 111.4395803171549
551.1322629166908 111.4395803171549
551.1322629166908 111.4395803171549
401.0557001620803 132.54796342551612
401.0557001620803 132.54796342551612
401.0557001620803 132.54796342551612
401.0557001620803 132.54796342551612
401.0557001620803 132.54796342551612
401.0557001620803 132.54796342551612
401.0557001620803 132.54796342551612
401.0557001620803 132.54796342551612
401.0557001620803 132.54796342551612
401.0557001620803 132.54796342551612
401.0557001620803 132.54796342551612
275.2214102296742 157.765485565476
275.2214102296742 157.765485565476
275.2214102296742 157.765485565476
275.2214102296742 157.765485565476
275.2214102296742 157.765485565476
275.2214102296742 157.765485565476
275.2214102296742 157.765485565476
275.2214102296742 157.765485565476
275.2214102296742 157.765485565476
275.2214102296742 157.765485565476
275.2214102296742 157.765485565476
275.2214102296742 157.765485565476
144.89875944038408 192.43130683079198
144.89875944038408 192.43130683079198
144.89875944038408 192.43130683079198
144.89875944038408 192.43130683079198
144.89875944038408 192.43130683079198
144.89875944038408 192.43130683079198
144.89875944038408 192.43130683079198
144.89875944038408 192.43130683079198
144.89875944038408 192.43130683079198
144.89875944038408 192.43130683079198
29.17153228326825 234.41408316176637
29.17153228326825 234.41408316176637
29.17153228326825 234.41408316176637
29.17153228326825 234.41408316176637
29.17153228326825 234.41408316176637
29.17153228326825 234.41408316176637
