359.8435469373829 128.6979861432429
359.8435469373829 128.6979861432429
359.8435469373829 128.6979861432429
432.4539058800184 108.26098190451586
432.4539058800184 108.26098190451586
432.4539058800184 108.26098190451586
432.4539058800184 108.26098190451586
432.4539058800184 108.26098190451586
432.4539058800184 108.26098190451586
432.4539058800184 108.26098190451586
432.4539058800184 108.26098190451586
432.4539058800184 108.26098190451586
432.4539058800184 108.26098190451586
432.4539058800184 108.26098190451586
432.4539058800184 108.26098190451586
380.19206334656303 120.58286059330965
380.19206334656303 120.58286059330965
380.19206334656303 120.58286059330965
380.19206334656303 120.58286059330965
380.19206334656303 120.58286059330965
380.19206334656303 120.58286059330965
380.19206334656303 120.58286059330965
380.19206334656303 120.58286059330965
380.19206334656303 120.58286059330965
380.19206334656303 120.58286059330965
380.19206334656303 120.58286059330965
390.69850294814444 127.38167594088551
390.69850294814444 127.38167594088551
390.69850294814444 127.38167594088551
390.69850294814444 127.38167594088551
390.69850294814444 127.38167594088551
390.69850294814444 127.38167594088551
390.69850294814444 127.38167594088551
390.69850294814444 127.38167594088551
390.69850294814444 127.38167594088551
390.69850294814444 127.38167594088551
390.69850294814444 127.38167594088551
390.69850294814444 127.38167594088551
390.69850294814444 127.38167594088551
501.20496296923307 109.44275432901546
501.20496296923307 109.44275432901546
501.20496296923307 109.44275432901546
501.20496296923307 109.44275432901546
501.20496296923307 109.44275432901546
501.20496296923307 109.44275432901546
501.20496296923307 109.44275432901546
501.20496296923307 109.44275432901546
501.20496296923307 109.44275432901546
501.20496296923307 109.44275432901546
501.20496296923307 109.44275432901546
555.1592828995745 97.63709909401106
555.1592828995745 97.63709909401106
555.1592828995745 97.63709909401106
555.1592828995745 97.63709909401106
555.1592828995745 97.63709909401106
555.1592828995745 97.63709909401106
555.1592828995745 97.63709909401106
555.1592828995745 97.63709909401106
555.1592828995745 97.63709909401106
555.1592828995745 97.63709909401106
555.1592828995745 97.63709909401106
555.1592828995745 97.63709909401106
588.3989019697117 91.47894126514589
588.3989019697117 91.47894126514589
588.3989019697117 91.47894126514589
588.3989019697117 91.47894126514589
588.3989019697117 91.47894126514589
588.3989019697117 91.47894126514589
588.3989019697117 91.47894126514589
588.3989019697117 91.47894126514589
588.3989019697117 91.47894126514589
588.3989019697117 91.47894126514589
588.3989019697117 91.47894126514589
588.3989019697117 91.47894126514589
588.3989019697117 91.47894126514589
548.7796589042545 99.6845156569955
548.7796589042545 99.6845156569955
548.7796589042545 99.6845156569955
548.7796589042545 99.6845156569955
548.7796589042545 99.6845156569955
548.7796589042545 99.6845156569955
548.7796589042545 99.6845156569955
548.7796589042545 99.6845156569955
548.7796589042545 99.6845156569955
548.7796589042545 99.6845156569955
468.2477841992013 111.89420268662872
468.2477841992013 111.89420268662872
468.2477841992013 111.89420268662872
468.2477841992013 111.89420268662872
468.2477841992013 111.89420268662872
468.2477841992013 111.89420268662872
468.2477841992013 111.89420268662872
468.2477841992013 111.89420268662872
468.2477841992013 111.89420268662872
468.2477841992013 111.89420268662872
468.2477841992013 111.89420268662872
468.2477841992013 111.89420268662872
396.1407331629427 123.02302514710217
396.1407331629427 123.02302514710217
396.1407331629427 123.02302514710217
396.1407331629427 123.02302514710217
396.1407331629427 123.02302514710217
396.1407331629427 123.02302514710217
396.1407331629427 123.02302514710217
396.1407331629427 123.02302514710217
396.1407331629427 123.02302514710217
396.1407331629427 123.02302514710217
396.1407331629427 123.02302514710217
396.1407331629427 123.02302514710217
364.92118832669996 129.65757527841998
364.92118832669996 129.65757527841998
364.92118832669996 129.65757527841998
364.92118832669996 129.65757527841998
364.92118832669996 129.65757527841998
364.92118832669996 129.65757527841998
364.92118832669996 129.65757527841998
364.92118832669996 129.65757527841998
364.92118832669996 129.65757527841998
364.92118832669996 129.65757527841998
364.92118832669996 129.65757527841998
364.92118832669996 129.65757527841998
351.22607636593546 129.72241186714768
351.22607636593546 129.72241186714768
351.22607636593546 129.72241186714768
351.22607636593546 129.72241186714768
351.22607636593546 129.72241186714768
351.22607636593546 129.72241186714768
351.22607636593546 129.72241186714768
351.22607636593546 129.72241186714768
351.22607636593546 129.72241186714768
351.22607636593546 129.72241186714768
351.22607636593546 129.72241186714768
351.22607636593546 129.72241186714768
351.22607636593546 129.72241186714768
310.26920898158875 136.89083792063556
310.26920898158875 136.89083792063556
310.26920898158875 136.89083792063556
310.26920898158875 136.89083792063556
310.26920898158875 136.89083792063556
310.26920898158875 136.89083792063556
310.26920898158875 136.89083792063556
310.26920898158875 136.89083792063556
310.26920898158875 136.89083792063556
310.26920898158875 136.89083792063556
310.26920898158875 136.89083792063556
326.26507466206726 134.1979645133975
326.26507466206726 134.1979645133975
326.26507466206726 134.1979645133975
326.26507466206726 134.1979645133975
326.26507466206726 134.1979645133975
326.26507466206726 134.1979645133975
326.26507466206726 134.1979645133975
326.26507466206726 134.1979645133975
326.26507466206726 134.1979645133975
326.26507466206726 134.1979645133975
326.26507466206726 134.1979645133975
326.26507466206726 134.1979645133975
420.7080510869199 111.18535570487535
420.7080510869199 111.18535570487535
420.7080510869199 111.18535570487535
420.7080510869199 111.18535570487535
420.7080510869199 111.18535570487535
420.7080510869199 111.18535570487535
420.7080510869199 111.18535570487535
420.7080510869199 111.18535570487535
420.7080510869199 111.18535570487535
420.7080510869199 111.18535570487535
420.7080510869199 111.18535570487535
420.7080510869199 111.18535570487535
495.33205243521957 98.33555260543488
495.33205243521957 98.33555260543488
495.33205243521957 98.33555260543488
495.33205243521957 98.33555260543488
495.33205243521957 98.33555260543488
495.33205243521957 98.33555260543488
495.33205243521957 98.33555260543488
495.33205243521957 98.33555260543488
495.33205243521957 98.33555260543488
495.33205243521957 98.33555260543488
495.33205243521957 98.33555260543488
548.3714034135825 90.7811127807563
548.3714034135825 90.7811127807563
548.3714034135825 90.7811127807563
548.3714034135825 90.7811127807563
548.3714034135825 90.7811127807563
548.3714034135825 90.7811127807563
548.3714034135825 90.7811127807563
548.3714034135825 90.7811127807563
548.3714034135825 90.7811127807563
548.3714034135825 90.7811127807563
548.3714034135825 90.7811127807563
548.3714034135825 90.7811127807563
554.8490211508118 89.46026117339235
554.8490211508118 89.46026117339235
554.8490211508118 89.46026117339235
554.8490211508118 89.46026117339235
554.8490211508118 89.46026117339235
554.8490211508118 89.46026117339235
554.8490211508118 89.46026117339235
554.8490211508118 89.46026117339235
554.8490211508118 89.46026117339235
554.8490211508118 89.46026117339235
554.8490211508118 89.46026117339235
517.0798298007197 94.67232151634806
517.0798298007197 94.67232151634806
517.0798298007197 94.67232151634806
517.0798298007197 94.67232151634806
517.0798298007197 94.67232151634806
517.0798298007197 94.67232151634806
517.0798298007197 94.67232151634806
517.0798298007197 94.67232151634806
517.0798298007197 94.67232151634806
517.0798298007197 94.67232151634806
517.0798298007197 94.67232151634806
517.0798298007197 94.67232151634806
553.8950003705077 91.39483802407236
553.8950003705077 91.39483802407236
553.8950003705077 91.39483802407236
553.8950003705077 91.39483802407236
553.8950003705077 91.39483802407236
553.8950003705077 91.39483802407236
553.8950003705077 91.39483802407236
553.8950003705077 91.39483802407236
553.8950003705077 91.39483802407236
553.8950003705077 91.39483802407236
496.31799963324806 96.29078611169146
496.31799963324806 96.29078611169146
496.31799963324806 96.29078611169146
496.31799963324806 96.29078611169146
496.31799963324806 96.29078611169146
496.31799963324806 96.29078611169146
496.31799963324806 96.29078611169146
496.31799963324806 96.29078611169146
496.31799963324806 96.29078611169146
496.31799963324806 96.29078611169146
496.31799963324806 96.29078611169146
496.31799963324806 96.29078611169146
440.626795109616 107.56640906332856
440.626795109616 107.56640906332856
440.626795109616 107.56640906332856
440.626795109616 107.56640906332856
440.626795109616 107.56640906332856
440.626795109616 107.56640906332856
440.626795109616 107.56640906332856
440.626795109616 107.56640906332856
440.626795109616 107.56640906332856
440.626795109616 107.56640906332856
440.626795109616 107.56640906332856
399.02362685806247 117.0529693203037
399.02362685806247 117.0529693203037
399.02362685806247 117.0529693203037
399.02362685806247 117.0529693203037
399.02362685806247 117.0529693203037
399.02362685806247 117.0529693203037
399.02362685806247 117.0529693203037
399.02362685806247 117.0529693203037
399.02362685806247 117.0529693203037
399.02362685806247 117.0529693203037
399.02362685806247 117.0529693203037
399.02362685806247 117.0529693203037
444.51087172378436 106.62984564676924
444.51087172378436 106.62984564676924
444.51087172378436 106.62984564676924
444.51087172378436 106.62984564676924
444.51087172378436 106.62984564676924
444.51087172378436 106.62984564676924
444.51087172378436 106.62984564676924
444.51087172378436 106.62984564676924
444.51087172378436 106.62984564676924
444.51087172378436 106.62984564676924
444.51087172378436 106.62984564676924
444.51087172378436 106.62984564676924
444.4504263854697 105.59980001480056
444.4504263854697 105.59980001480056
444.4504263854697 105.59980001480056
444.4504263854697 105.59980001480056
444.4504263854697 105.59980001480056
444.4504263854697 105.59980001480056
444.4504263854697 105.59980001480056
444.4504263854697 105.59980001480056
444.4504263854697 105.59980001480056
444.4504263854697 105.59980001480056
444.4504263854697 105.59980001480056
444.4504263854697 105.59980001480056
474.6172881550805 101.12692727152515
474.6172881550805 101.12692727152515
474.6172881550805 101.12692727152515
474.6172881550805 101.12692727152515
474.6172881550805 101.12692727152515
474.6172881550805 101.12692727152515
474.6172881550805 101.12692727152515
474.6172881550805 101.12692727152515
474.6172881550805 101.12692727152515
474.6172881550805 101.12692727152515
474.6172881550805 101.12692727152515
474.6172881550805 101.12692727152515
494.4173188170854 100.90234785428152
494.4173188170854 100.90234785428152
494.4173188170854 100.90234785428152
494.4173188170854 100.90234785428152
494.4173188170854 100.90234785428152
494.4173188170854 100.90234785428152
494.4173188170854 100.90234785428152
494.4173188170854 100.90234785428152
494.4173188170854 100.90234785428152
494.4173188170854 100.90234785428152
494.4173188170854 100.90234785428152
494.4173188170854 100.90234785428152
511.3629166497286 99.20932800934563
511.3629166497286 99.20932800934563
511.3629166497286 99.20932800934563
511.3629166497286 99.20932800934563
511.3629166497286 99.20932800934563
511.3629166497286 99.20932800934563
511.3629166497286 99.20932800934563
511.3629166497286 99.20932800934563
511.3629166497286 99.20932800934563
511.3629166497286 99.20932800934563
511.3629166497286 99.20932800934563
543.0381492362262 95.96767717528763
543.0381492362262 95.96767717528763
543.0381492362262 95.96767717528763
543.0381492362262 95.96767717528763
543.0381492362262 95.96767717528763
543.0381492362262 95.96767717528763
543.0381492362262 95.96767717528763
543.0381492362262 95.96767717528763
543.0381492362262 95.96767717528763
543.0381492362262 95.96767717528763
543.0381492362262 95.96767717528763
411.08941926585294 117.63446448782705
411.08941926585294 117.63446448782705
411.08941926585294 117.63446448782705
411.08941926585294 117.63446448782705
411.08941926585294 117.63446448782705
411.08941926585294 117.63446448782705
411.08941926585294 117.63446448782705
